1,0
2,0
3,0
4,0
5,0
6,0
7,0
8,0
9,0
10,0
11,0
12,0
13,0
14,0
15,0
16,0
17,0
18,0
19,0
20,0
21,0
22,0
23,0
24,0
25,0
26,0
27,0
28,0
29,0
30,0
31,0
32,0
33,0
34,0
35,0
36,0
37,0
38,0
39,0
40,0
41,0
42,0
43,0
44,0
45,0
46,0
47,0
48,0
49,0
50,0
51,0
52,0
53,0
54,0
55,0
56,0
57,0
58,0
59,0
60,0
61,0
62,0
63,0
64,0
65,0
66,0
67,0
68,0
69,0
70,0
71,0
72,0
73,0
74,0
75,0
76,0
77,0
78,0
79,0
80,0
81,0
82,0
83,0
84,0
85,0
86,0
87,0
88,0
89,0
90,0
91,0
92,0
93,0
94,0
95,0
96,0
97,0
98,0
99,0
100,0
101,0
102,0
103,0
104,0
105,0
106,0
107,0
108,0
109,0
110,0
111,0
112,0
113,0
114,0
115,0
116,0
117,0
118,0
119,0
120,0
121,0
122,0
123,0
124,0
125,0
126,0
127,0
128,0
129,0
130,0
131,0
132,0
133,0
134,0
135,0
136,0
137,0
138,0
139,0
140,0
141,0
142,0
143,0
144,0
145,0
146,0
147,0
148,0
149,0
150,0
151,0
152,0
153,0
154,0
155,0
156,0
157,0
158,0
159,0
160,0
161,0
162,0
163,0
164,0
165,0
166,0
167,0
168,0
169,0
170,0
171,0
172,0
173,0
174,0
175,0
176,0
177,0
178,0
179,0
180,0
181,0
182,0
183,0
184,0
185,0
186,0
187,0
188,0
189,0
190,0
191,0
192,0
193,0
194,0
195,0
196,0
197,0
198,0
199,0
200,0
201,0
202,0
203,0
204,0
205,0
206,0
207,0
208,0
209,0
210,0
211,0
212,0
213,0
214,0
215,0
216,0
217,0
218,0
219,0
220,0
221,0
222,0
223,0
224,0
225,0
226,0
227,0
228,0
229,0
230,0
231,0
232,0
233,0
234,0
235,0
236,0
237,0
238,0
239,0
240,0
241,0
242,0
243,0
244,0
245,0
246,0
247,0
248,0
249,0
250,0
251,0
252,0
253,0
254,0
255,0
256,0
257,0
258,0
259,0
260,0
261,0
262,0
263,0
264,0
265,0
266,0
267,0
268,0
269,0
270,0
271,0
272,0
273,0
274,0
275,0
276,0
277,0
278,0
279,0
280,0
281,0
282,0
283,0
284,0
285,0
286,0
287,0
288,0
289,0
290,0
291,0
292,0
293,0
294,0
295,0
296,0
297,0
298,0
299,0
300,0
301,0
302,0
303,0
304,0
305,0
306,0
307,0
308,0
309,0
310,0
311,0
312,0
313,0
314,0
315,0
316,0
317,0
318,0
319,0
320,0
321,0
322,0
323,0
324,0
325,0
326,0
327,0
328,0
329,0
330,0
331,0
332,0
333,0
334,0
335,0
336,0
337,0
338,0
339,0
340,0
341,0
342,0
343,0
344,0
345,0
346,0
347,0
348,0
349,0
350,0
351,0
352,0
353,0
354,0
355,0
356,0
357,0
358,0
359,0
360,0
361,0
362,0
363,0
364,0
365,0
366,0
367,0
368,0
369,0
370,0
371,0
372,0
373,0
374,0
375,0
376,0
377,0
378,0
379,0
380,0
381,0
382,0
383,0
384,0
385,0
386,0
387,0
388,0
389,0
390,0
391,0
392,0
393,0
394,0
395,0
396,0
397,0
398,0
399,0
400,0
401,0
402,0
403,0
404,0
405,0
406,0
407,0
408,0
409,0
410,0
411,0
412,0
413,0
414,0
415,0
416,0
417,0
418,0
419,0
420,0
421,0
422,0
423,0
424,0
425,0
426,0
427,0
428,0
429,0
430,0
431,0
432,0
433,0
434,0
435,0
436,0
437,0
438,0
439,0
440,0
441,0
442,0
443,0
444,0
445,0
446,0
447,0
448,0
449,0
450,0
451,0
452,0
453,0
454,0
455,0
456,0
457,0
458,0
459,0
460,0
461,0
462,0
463,0
464,0
465,0
466,0
467,0
468,0
469,0
470,0
471,0
472,0
473,0
474,0
475,0
476,0
477,0
478,0
479,0
480,0
481,0
482,0
483,0
484,0
485,0
486,0
487,0
488,0
489,0
490,0
491,0
492,0
493,0
494,0
495,0
496,0
497,0
498,0
499,0
500,0
501,0
502,0
503,0
504,0
505,0
506,0
507,0
508,0
509,0
510,0
511,0
512,0
513,0
514,0
515,0
516,0
517,0
518,0
519,0
520,0
521,0
522,0
523,0
524,0
525,0
526,0
527,0
528,0
529,0
530,0
531,0
532,0
533,0
534,0
535,0
536,0
537,0
538,0
539,0
540,0
541,0
542,0
543,0
544,0
545,0
546,0
547,0
548,0
549,0
550,0
551,0
552,0
553,0
554,0
555,0
556,0
557,0
558,0
559,0
560,0
561,0
562,0
563,0
564,0
565,0
566,0
567,0
568,0
569,0
570,0
571,0
572,0
573,0
574,0
575,0
576,0
577,0
578,0
579,0
580,0
581,0
582,0
583,0
584,0
585,0
586,0
587,0
588,0
589,0
590,0
591,0
592,0
593,0
594,0
595,0
596,0
597,0
598,0
599,0
600,0
601,0
602,0
603,0
604,0
605,0
606,0
607,0
608,0
609,0
610,0
611,0
612,0
613,0
614,0
615,0
616,0
617,0
618,0
619,0
620,0
621,0
622,0
623,0
624,0
625,0
626,0
627,0
628,0
629,0
630,0
631,0
632,0
633,0
634,0
635,0
636,0
637,0
638,0
639,0
640,0
641,0
642,0
643,0
644,0
645,0
646,0
647,0
648,0
649,0
650,0
651,0
652,0
653,0
654,0
655,0
656,0
657,0
658,0
659,0
660,0
661,0
662,0
663,0
664,0
665,0
666,0
667,0
668,0
669,0
670,0
671,0
672,0
673,0
674,0
675,0
676,0
677,0
678,0
679,0
680,0
681,0
682,0
683,0
684,0
685,0
686,0
687,0
688,0
689,0
690,0
691,0
692,0
693,0
694,0
695,0
696,0
697,0
698,0
699,0
700,0
701,0
702,0
703,0
704,0
705,0
706,0
707,0
708,0
709,0
710,0
711,0
712,0
713,0
714,0
715,0
716,0
717,0
718,0
719,0
720,0
721,0
722,0
723,0
724,0
725,0
726,0
727,0
728,0
729,0
730,0
731,0
732,0
733,0
734,0
735,0
736,0
737,0
738,0
739,0
740,0
741,0
742,0
743,0
744,0
745,0
746,0
747,0
748,0
749,0
750,0
751,0
752,0
753,0
754,0
755,0
756,0
757,0
758,0
759,0
760,0
761,0
762,0
763,0
764,0
765,0
766,0
767,0
768,0
769,0
770,0
771,0
772,0
773,0
774,0
775,0
776,0
777,0
778,0
779,0
780,0
781,0
782,0
783,0
784,0
785,0
786,0
787,0
788,0
789,0
790,0
791,0
792,0
793,0
794,0
795,0
796,0
797,0
798,0
799,0
800,0
801,0
802,0
803,0
804,0
805,0
806,0
807,0
808,0
809,0
810,0
811,0
812,0
813,0
814,0
815,0
816,0
817,0
818,0
819,0
820,0
821,0
822,0
823,0
824,0
825,0
826,0
827,0
828,0
829,0
830,0
831,0
832,0
833,0
834,0
835,0
836,0
837,0
838,0
839,0
840,0
841,0
842,0
843,0
844,0
845,0
846,0
847,0
848,0
849,0
850,0
851,0
852,0
853,0
854,0
855,0
856,0
857,0
858,0
859,0
860,0
861,0
862,0
863,0
864,0
865,0
866,0
867,0
868,0
869,0
870,0
871,0
872,0
873,0
874,0
875,0
876,0
877,0
878,0
879,0
880,0
881,0
882,0
883,0
884,0
885,0
886,0
887,0
888,0
889,0
890,0
891,0
892,0
893,0
894,0
895,0
896,0
897,0
898,0
899,0
900,0
901,0
902,0
903,0
904,0
905,0
906,0
907,0
908,0
909,0
910,0
911,0
912,0
913,0
914,0
915,0
916,0
917,0
918,0
919,0
920,0
921,0
922,0
923,0
924,0
925,0
926,0
927,0
928,0
929,0
930,0
931,0
932,0
933,0
934,0
935,0
936,0
937,0
938,0
939,0
940,0
941,0
942,0
943,0
944,0
945,0
946,0
947,0
948,0
949,0
950,0
951,0
952,0
953,0
954,0
955,0
956,0
957,0
958,0
959,0
960,0
961,0
962,0
963,0
964,0
965,0
966,0
967,0
968,0
969,0
970,0
971,0
972,0
973,0
974,0
975,0
976,0
977,0
978,0
979,0
980,0
981,0
982,0
983,0
984,0
985,0
986,0
987,0
988,0
989,0
990,0
991,0
992,0
993,0
994,0
995,0
996,0
997,0
998,0
999,0
1000,0
1001,0
1002,0
1003,0
1004,0
1005,0
1006,0
1007,0
1008,0
1009,0
1010,0
1011,0
1012,0
1013,0
1014,0
1015,0
1016,0
1017,0
1018,0
1019,0
1020,0
1021,0
1022,0
1023,0
1024,0
1025,0
1026,0
1027,0
1028,0
1029,0
1030,0
1031,0
1032,0
1033,0
1034,0
1035,0
1036,0
1037,0
1038,0
1039,0
1040,0
1041,0
1042,0
1043,0
1044,0
1045,0
1046,0
1047,0
1048,0
1049,0
1050,0
1051,0
1052,0
1053,0
1054,0
1055,0
1056,0
1057,0
1058,0
1059,0
1060,0
1061,0
1062,0
1063,0
1064,0
1065,0
1066,0
1067,0
1068,0
1069,0
1070,0
1071,0
1072,0
1073,0
1074,0
1075,0
1076,0
1077,0
1078,0
1079,0
1080,0
1081,0
1082,0
1083,0
1084,0
1085,0
1086,0
1087,0
1088,0
1089,0
1090,0
1091,0
1092,0
1093,0
1094,0
1095,0
1096,0
1097,0
1098,0
1099,0
1100,0
1101,0
1102,0
1103,0
1104,0
1105,0
1106,0
1107,0
1108,0
1109,0
1110,0
1111,0
1112,0
1113,0
1114,0
1115,0
1116,0
1117,0
1118,0
1119,0
1120,0
1121,0
1122,0
1123,0
1124,0
1125,0
1126,0
1127,0
1128,0
1129,0
1130,0
1131,0
1132,0
1133,0
1134,0
1135,0
1136,0
1137,0
1138,0
1139,0
1140,0
1141,0
1142,0
1143,0
1144,0
1145,0
1146,0
1147,0
1148,0
1149,0
1150,0
1151,0
1152,0
1153,0
1154,0
1155,0
1156,0
1157,0
1158,0
1159,0
1160,0
1161,0
1162,0
1163,0
1164,0
1165,0
1166,0
1167,0
1168,0
1169,0
1170,0
1171,0
1172,0
1173,0
1174,0
1175,0
1176,0
1177,0
1178,0
1179,0
1180,0
1181,0
1182,0
1183,0
1184,0
1185,0
1186,0
1187,0
1188,0
1189,0
1190,0
1191,0
1192,0
1193,0
1194,0
1195,0
1196,0
1197,0
1198,0
1199,0
1200,0
1201,0
1202,0
1203,0
1204,0
1205,0
1206,0
1207,0
1208,0
1209,0
1210,0
1211,0
1212,0
1213,0
1214,0
1215,0
1216,0
1217,0
1218,0
1219,0
1220,0
1221,0
1222,0
1223,0
1224,0
1225,0
1226,0
1227,0
1228,0
1229,0
1230,0
1231,0
1232,0
1233,0
1234,0
1235,0
1236,0
1237,0
1238,0
1239,0
1240,0
1241,0
1242,0
1243,0
1244,0
1245,0
1246,0
1247,0
1248,0
1249,0
1250,0
1251,0
1252,0
1253,0
1254,0
1255,0
1256,0
1257,0
1258,0
1259,0
1260,0
1261,0
1262,0
1263,0
1264,0
1265,0
1266,0
1267,0
1268,0
1269,0
1270,0
1271,0
1272,0
1273,0
1274,0
1275,0
1276,0
1277,0
1278,0
1279,0
1280,0
1281,0
1282,0
1283,0
1284,0
1285,0
1286,0
1287,0
1288,0
1289,0
1290,0
1291,0
1292,0
1293,0
1294,0
1295,0
1296,0
1297,0
1298,0
1299,0
1300,0
1301,0
1302,0
1303,0
1304,0
1305,0
1306,0
1307,0
1308,0
1309,0
1310,0
1311,0
1312,0
1313,0
1314,0
1315,0
1316,0
1317,0
1318,0
1319,0
1320,0
1321,0
1322,0
1323,0
1324,0
1325,0
1326,0
1327,0
1328,0
1329,0
1330,0
1331,0
1332,0
1333,0
1334,0
1335,0
1336,0
1337,0
1338,0
1339,0
1340,0
1341,0
1342,0
1343,0
1344,0
1345,0
1346,0
1347,0
1348,0
1349,0
1350,0
1351,0
1352,0
1353,0
1354,0
1355,0
1356,0
1357,0
1358,0
1359,0
1360,0
1361,0
1362,0
1363,0
1364,0
1365,0
1366,0
1367,0
1368,0
1369,0
1370,0
1371,0
1372,0
1373,0
1374,0
1375,0
1376,0
1377,0
1378,0
1379,0
1380,0
1381,0
1382,0
1383,0
1384,0
1385,0
1386,0
1387,0
1388,0
1389,0
1390,0
1391,0
1392,0
1393,0
1394,0
1395,0
1396,0
1397,0
1398,0
1399,0
1400,0
1401,0
1402,0
1403,0
1404,0
1405,0
1406,0
1407,0
1408,0
1409,0
1410,0
1411,0
1412,0
1413,0
1414,0
1415,0
1416,0
1417,0
1418,0
1419,0
1420,0
1421,0
1422,0
1423,0
1424,0
1425,0
1426,0
1427,0
1428,0
1429,0
1430,0
1431,0
1432,0
1433,0
1434,0
1435,0
1436,0
1437,0
1438,0
1439,0
1440,0
1441,0
1442,0
1443,0
1444,0
1445,0
1446,0
1447,0
1448,0
1449,0
1450,0
1451,0
1452,0
1453,0
1454,0
1455,0
1456,0
1457,0
1458,0
1459,0
1460,0
1461,0
1462,0
1463,0
1464,0
1465,0
1466,0
1467,0
1468,0
1469,0
1470,0
1471,0
1472,0
1473,0
1474,0
1475,0
1476,0
1477,0
1478,0
1479,0
1480,0
1481,0
1482,0
1483,0
1484,0
1485,0
1486,0
1487,0
1488,0
1489,0
1490,0
1491,0
1492,0
1493,0
1494,0
1495,0
1496,0
1497,0
1498,0
1499,0
1500,0
1501,0
1502,0
1503,0
1504,0
1505,0
1506,0
1507,0
1508,0
1509,0
1510,0
1511,0
1512,0
1513,0
1514,0
1515,0
1516,0
1517,0
1518,0
1519,0
1520,0
1521,0
1522,0
1523,0
1524,0
1525,0
1526,0
1527,0
1528,0
1529,0
1530,0
1531,0
1532,0
1533,0
1534,0
1535,0
1536,0
1537,0
1538,0
1539,0
1540,0
1541,0
1542,0
1543,0
1544,0
1545,0
1546,0
1547,0
1548,0
1549,0
1550,0
1551,0
1552,0
1553,0
1554,0
1555,0
1556,0
1557,0
1558,0
1559,0
1560,0
1561,0
1562,0
1563,0
1564,0
1565,0
1566,0
1567,0
1568,0
1569,0
1570,0
1571,0
1572,0
1573,0
1574,0
1575,0
1576,0
1577,0
1578,0
1579,0
1580,0
1581,0
1582,0
1583,0
1584,0
1585,0
1586,0
1587,0
1588,0
1589,0
1590,0
1591,0
1592,0
1593,0
1594,0
1595,0
1596,0
1597,0
1598,0
1599,0
1600,0
1601,0
1602,0
1603,0
1604,0
1605,0
1606,0
1607,0
1608,0
1609,1
1610,1
1611,1
1612,1
1613,1
1614,1
1615,1
1616,1
1617,1
1618,1
1619,1
1620,1
1621,1
1622,1
1623,1
1624,1
1625,1
1626,1
1627,1
1628,1
1629,1
1630,1
1631,1
1632,1
1633,1
1634,1
1635,1
1636,1
1637,1
1638,1
1639,1
1640,1
1641,1
1642,1
1643,1
1644,1
1645,1
1646,1
1647,1
1648,1
1649,1
1650,1
1651,1
1652,1
1653,1
1654,1
1655,1
1656,1
1657,1
1658,1
1659,1
1660,1
1661,1
1662,1
1663,1
1664,1
1665,1
1666,1
1667,1
1668,1
1669,1
1670,1
1671,1
1672,1
1673,1
1674,1
1675,1
1676,1
1677,1
1678,1
1679,1
1680,1
1681,1
1682,1
1683,1
1684,1
1685,1
1686,1
1687,1
1688,1
1689,1
1690,1
1691,1
1692,1
1693,1
1694,1
1695,1
1696,1
1697,1
1698,1
1699,1
1700,1
1701,1
1702,1
1703,1
1704,1
1705,1
1706,1
1707,1
1708,1
1709,1
1710,1
1711,1
1712,1
1713,1
1714,1
1715,1
1716,1
1717,1
1718,1
1719,1
1720,1
1721,1
1722,1
1723,1
1724,1
1725,1
1726,1
1727,1
1728,1
1729,1
1730,1
1731,1
1732,1
1733,1
1734,1
1735,1
1736,1
1737,1
1738,1
1739,1
1740,1
1741,1
1742,1
1743,1
1744,1
1745,1
1746,1
1747,1
1748,1
1749,1
1750,1
1751,1
1752,1
1753,1
1754,1
1755,1
1756,1
1757,1
1758,1
1759,1
1760,1
1761,1
1762,1
1763,1
1764,1
1765,1
1766,1
1767,1
1768,1
1769,1
1770,1
1771,1
1772,1
1773,1
1774,1
1775,1
1776,1
1777,1
1778,1
1779,1
1780,1
1781,1
1782,1
1783,1
1784,1
1785,1
1786,1
1787,1
1788,1
1789,1
1790,1
1791,1
1792,1
1793,1
1794,1
1795,1
1796,1
1797,1
1798,1
1799,1
1800,1
1801,1
1802,1
1803,1
1804,1
1805,1
1806,1
1807,1
1808,1
1809,1
1810,1
1811,1
1812,1
1813,1
1814,1
1815,1
1816,1
1817,1
1818,1
1819,1
1820,1
1821,1
1822,1
1823,1
1824,1
1825,1
1826,1
1827,1
1828,1
1829,1
1830,1
1831,1
1832,1
1833,1
1834,1
1835,1
1836,1
1837,1
1838,1
1839,1
1840,1
1841,1
1842,1
1843,1
1844,1
1845,1
1846,1
1847,1
1848,1
1849,1
1850,1
1851,1
1852,1
1853,1
1854,1
1855,1
1856,1
1857,1
1858,1
1859,1
1860,1
1861,1
1862,1
1863,1
1864,1
1865,1
1866,1
1867,1
1868,1
1869,1
1870,1
1871,1
1872,1
1873,1
1874,1
1875,1
1876,1
1877,1
1878,1
1879,1
1880,1
1881,1
1882,1
1883,1
1884,1
1885,1
1886,1
1887,1
1888,1
1889,1
1890,1
1891,1
1892,1
1893,1
1894,1
1895,1
1896,1
1897,1
1898,1
1899,1
1900,1
1901,1
1902,1
1903,1
1904,1
1905,1
1906,1
1907,1
1908,1
1909,1
1910,1
1911,1
1912,1
1913,1
1914,1
1915,1
1916,1
1917,1
1918,1
1919,1
1920,1
1921,1
1922,1
1923,1
1924,1
1925,1
1926,1
1927,1
1928,1
1929,1
1930,1
1931,1
1932,1
1933,1
1934,1
1935,1
1936,1
1937,1
1938,1
1939,1
1940,1
1941,1
1942,1
1943,1
1944,1
1945,1
1946,1
1947,1
1948,1
1949,1
1950,1
1951,1
1952,1
1953,1
1954,1
1955,1
1956,1
1957,1
1958,1
1959,1
1960,1
1961,1
1962,1
1963,1
1964,1
1965,1
1966,1
1967,1
1968,1
1969,1
1970,1
1971,1
1972,1
1973,1
1974,1
1975,1
1976,1
1977,1
1978,1
1979,1
1980,1
1981,1
1982,1
1983,1
1984,1
1985,1
1986,1
1987,1
1988,1
1989,1
1990,1
1991,1
1992,1
1993,1
1994,1
1995,1
1996,1
1997,1
1998,1
1999,1
2000,1
2001,1
2002,1
2003,1
2004,1
2005,1
2006,1
2007,1
2008,1
2009,1
2010,1
2011,1
2012,1
2013,1
2014,1
2015,1
2016,1
2017,1
2018,1
2019,1
2020,1
2021,1
2022,1
2023,1
2024,1
2025,1
2026,1
2027,1
2028,1
2029,1
2030,1
2031,1
2032,1
2033,1
2034,1
2035,1
2036,1
2037,1
2038,1
2039,1
2040,1
2041,1
2042,1
2043,1
2044,1
2045,1
2046,1
2047,1
2048,1
2049,1
2050,1
2051,1
2052,1
2053,1
2054,1
2055,1
2056,1
2057,1
2058,1
2059,1
2060,1
2061,1
2062,1
2063,1
2064,1
2065,1
2066,1
2067,1
2068,1
2069,1
2070,1
2071,1
2072,1
2073,1
2074,1
2075,1
2076,1
2077,1
2078,1
2079,1
2080,1
2081,1
2082,1
2083,1
2084,1
2085,1
2086,1
2087,1
2088,1
2089,1
2090,1
2091,1
2092,1
2093,1
2094,1
2095,1
2096,1
2097,1
2098,1
2099,1
2100,1
2101,1
2102,1
2103,1
2104,1
2105,1
2106,1
2107,1
2108,1
2109,1
2110,1
2111,1
2112,1
2113,1
2114,1
2115,1
2116,1
2117,1
2118,1
2119,1
2120,1
2121,1
2122,1
2123,1
2124,1
2125,1
2126,1
2127,1
2128,1
2129,1
2130,1
2131,1
2132,1
2133,1
2134,1
2135,1
2136,1
2137,1
2138,1
2139,1
2140,1
2141,1
2142,1
2143,1
2144,1
2145,1
2146,1
2147,1
2148,1
2149,1
2150,1
2151,1
2152,1
2153,1
2154,1
2155,1
2156,1
2157,1
2158,1
2159,1
2160,1
2161,1
2162,1
2163,1
2164,1
2165,1
2166,1
2167,1
2168,1
2169,1
2170,1
2171,1
2172,1
2173,1
2174,1
2175,1
2176,1
2177,1
2178,1
2179,1
2180,1
2181,1
2182,1
2183,1
2184,1
2185,1
2186,1
2187,1
2188,1
2189,1
2190,1
2191,1
2192,1
2193,1
2194,1
2195,1
2196,1
2197,1
2198,1
2199,1
2200,1
2201,1
2202,1
2203,1
2204,1
2205,1
2206,1
2207,1
2208,1
2209,1
2210,1
2211,1
2212,1
2213,1
2214,1
2215,1
2216,1
2217,1
2218,1
2219,1
2220,1
2221,1
2222,1
2223,1
2224,1
2225,1
2226,1
2227,1
2228,1
2229,1
2230,1
2231,1
2232,1
2233,1
2234,1
2235,1
2236,1
2237,1
2238,1
2239,1
2240,1
2241,1
2242,1
2243,1
2244,1
2245,1
2246,1
2247,1
2248,1
2249,1
2250,1
2251,1
2252,1
2253,1
2254,1
2255,1
2256,1
2257,1
2258,1
2259,1
2260,1
2261,1
2262,1
2263,1
2264,1
2265,1
2266,1
2267,1
2268,1
2269,1
2270,1
2271,1
2272,1
2273,1
2274,1
2275,1
2276,1
2277,1
2278,1
2279,1
2280,1
2281,1
2282,1
2283,1
2284,1
2285,1
2286,1
2287,1
2288,1
2289,1
2290,1
2291,1
2292,1
2293,1
2294,1
2295,1
2296,1
2297,1
2298,1
2299,1
2300,1
2301,1
2302,1
2303,1
2304,1
2305,1
2306,1
2307,1
2308,1
2309,1
2310,1
2311,1
2312,1
2313,1
2314,1
2315,1
2316,1
2317,1
2318,1
2319,1
2320,1
2321,1
2322,1
2323,1
2324,1
2325,1
2326,1
2327,1
2328,1
2329,1
2330,1
2331,1
2332,1
2333,1
2334,1
2335,1
2336,1
2337,1
2338,1
2339,1
2340,1
2341,1
2342,1
2343,1
2344,1
2345,1
2346,1
2347,1
2348,1
2349,1
2350,1
2351,1
2352,1
2353,1
2354,1
2355,1
2356,1
2357,1
2358,1
2359,1
2360,1
2361,1
2362,1
2363,1
2364,1
2365,1
2366,1
2367,1
2368,1
2369,1
2370,1
2371,1
2372,1
2373,1
2374,1
2375,1
2376,1
2377,1
2378,1
2379,1
2380,1
2381,1
2382,1
2383,1
2384,1
2385,1
2386,1
2387,1
2388,1
2389,1
2390,1
2391,1
2392,1
2393,1
2394,1
2395,1
2396,1
2397,1
2398,1
2399,1
2400,1
2401,1
2402,1
2403,1
2404,1
2405,1
2406,1
2407,1
2408,1
2409,1
2410,1
2411,1
2412,1
2413,1
2414,1
2415,1
2416,1
2417,1
2418,1
2419,1
2420,1
2421,1
2422,1
2423,1
2424,1
2425,1
2426,1
2427,1
2428,1
2429,1
2430,1
2431,1
2432,1
2433,1
2434,1
2435,1
2436,1
2437,1
2438,1
2439,1
2440,1
2441,1
2442,1
2443,1
2444,1
2445,1
2446,1
2447,1
2448,1
2449,1
2450,1
2451,1
2452,1
2453,1
2454,1
2455,1
2456,1
2457,1
2458,1
2459,1
2460,1
2461,1
2462,1
2463,1
2464,1
2465,1
2466,1
2467,1
2468,1
2469,1
2470,1
2471,1
2472,1
2473,1
2474,1
2475,1
2476,1
2477,1
2478,1
2479,1
2480,1
2481,1
2482,1
2483,1
2484,1
2485,1
2486,1
2487,1
2488,1
2489,1
2490,1
2491,1
2492,1
2493,1
2494,1
2495,1
2496,1
2497,1
2498,1
2499,1
2500,1
2501,1
2502,1
2503,1
2504,1
2505,1
2506,1
2507,1
2508,1
2509,1
2510,1
2511,1
2512,1
2513,1
2514,1
2515,1
2516,1
2517,1
2518,1
2519,1
2520,1
2521,1
2522,1
2523,1
2524,1
2525,1
2526,1
2527,1
2528,1
2529,1
2530,1
2531,1
2532,1
2533,1
2534,1
2535,1
2536,1
2537,1
2538,1
2539,1
2540,1
2541,1
2542,1
2543,1
2544,1
2545,1
2546,1
2547,1
2548,1
2549,1
2550,1
2551,1
2552,1
2553,1
2554,1
2555,1
2556,1
2557,1
2558,1
2559,1
2560,1
2561,1
2562,1
2563,1
2564,1
2565,1
2566,1
2567,1
2568,1
2569,1
2570,1
2571,1
2572,1
2573,1
2574,1
2575,1
2576,1
2577,1
2578,1
2579,1
2580,1
2581,1
2582,1
2583,1
2584,1
2585,1
2586,1
2587,1
2588,1
2589,1
2590,1
2591,1
2592,1
2593,1
2594,1
2595,1
2596,1
2597,1
2598,1
2599,1
2600,1
2601,1
2602,1
2603,1
2604,1
2605,1
2606,1
2607,1
2608,1
2609,1
2610,1
2611,1
2612,1
2613,1
2614,1
2615,1
2616,1
2617,1
2618,1
2619,1
2620,1
2621,1
2622,1
2623,1
2624,1
2625,1
2626,1
2627,1
2628,1
2629,1
2630,1
2631,1
2632,1
2633,1
2634,1
2635,1
2636,1
2637,1
2638,1
2639,1
2640,1
2641,1
2642,1
2643,1
2644,1
2645,1
2646,1
2647,1
2648,1
2649,1
2650,1
2651,1
2652,1
2653,1
2654,1
2655,1
2656,1
2657,1
2658,1
2659,1
2660,1
2661,1
2662,1
2663,1
2664,1
2665,1
2666,1
2667,1
2668,1
2669,1
2670,1
2671,1
2672,1
2673,1
2674,1
2675,1
2676,1
2677,1
2678,1
2679,1
2680,1
2681,1
2682,1
2683,1
2684,1
2685,1
2686,1
2687,1
2688,1
2689,1
2690,1
2691,1
2692,1
2693,1
2694,1
2695,1
2696,1
2697,1
2698,1
2699,1
2700,1
2701,1
2702,1
2703,1
2704,1
2705,1
2706,1
2707,1
2708,1
2709,1
2710,1
2711,1
2712,1
2713,1
2714,1
2715,1
2716,1
2717,1
2718,1
2719,1
2720,1
2721,1
2722,1
2723,1
2724,1
2725,1
2726,1
2727,1
2728,1
2729,1
2730,1
2731,1
2732,1
2733,1
2734,1
2735,1
2736,1
2737,1
2738,1
2739,1
2740,1
2741,1
2742,1
2743,1
2744,1
2745,1
2746,1
2747,1
2748,1
2749,1
2750,1
2751,1
2752,1
2753,1
2754,1
2755,1
2756,1
2757,1
2758,1
2759,1
2760,1
2761,1
2762,1
2763,1
2764,1
2765,1
2766,1
2767,1
2768,1
2769,1
2770,1
2771,1
2772,1
2773,1
2774,1
2775,1
2776,1
2777,1
2778,1
2779,1
2780,1
2781,1
2782,1
2783,1
2784,1
2785,1
2786,1
2787,1
2788,1
2789,1
2790,1
2791,1
2792,1
2793,1
2794,1
2795,1
2796,1
2797,1
2798,1
2799,1
2800,1
2801,1
2802,1
2803,1
2804,1
2805,1
2806,1
2807,1
2808,1
2809,1
2810,1
2811,1
2812,1
2813,1
2814,1
2815,1
2816,1
2817,1
2818,1
2819,1
2820,1
2821,1
2822,1
2823,1
2824,1
2825,1
2826,1
2827,1
2828,1
2829,1
2830,1
2831,1
2832,1
2833,1
2834,1
2835,1
2836,1
2837,1
2838,1
2839,1
2840,1
2841,1
2842,1
2843,1
2844,1
2845,1
2846,1
2847,1
2848,1
2849,1
2850,1
2851,1
2852,1
2853,1
2854,1
2855,1
2856,1
2857,1
2858,1
2859,1
2860,1
2861,1
2862,1
2863,1
2864,1
2865,1
2866,1
2867,1
2868,1
2869,1
2870,1
2871,1
2872,1
2873,1
2874,1
2875,1
2876,1
2877,1
2878,1
2879,1
2880,1
2881,1
2882,1
2883,1
2884,1
2885,1
2886,1
2887,1
2888,1
2889,1
2890,1
2891,1
2892,1
2893,1
2894,1
2895,1
2896,1
2897,1
2898,1
2899,1
2900,1
2901,1
2902,1
2903,1
2904,1
2905,1
2906,1
2907,1
2908,1
2909,1
2910,1
2911,1
2912,1
2913,1
2914,1
2915,1
2916,1
2917,1
2918,1
2919,1
2920,1
2921,1
2922,1
2923,1
2924,1
2925,1
2926,1
2927,1
2928,1
2929,1
2930,1
2931,1
2932,1
2933,1
2934,1
2935,1
2936,1
2937,1
2938,1
2939,1
2940,1
2941,1
2942,1
2943,1
2944,1
2945,1
2946,1
2947,1
2948,1
2949,1
2950,1
2951,1
2952,1
2953,1
2954,1
2955,1
2956,1
2957,1
2958,1
2959,1
2960,1
2961,1
2962,1
2963,1
2964,1
2965,1
2966,1
2967,1
2968,1
2969,1
2970,1
2971,1
2972,1
2973,1
2974,1
2975,1
2976,1
2977,1
2978,1
2979,1
2980,1
2981,1
2982,1
2983,1
2984,1
2985,1
2986,1
2987,1
2988,1
2989,1
2990,1
2991,1
2992,1
2993,1
2994,1
2995,1
2996,1
2997,1
2998,1
2999,1
3000,1
3001,1
3002,1
3003,1
3004,1
3005,1
3006,1
3007,1
3008,1
3009,1
3010,1
3011,1
3012,1
3013,1
3014,1
3015,1
3016,1
3017,1
3018,1
3019,1
3020,1
3021,1
3022,1
3023,1
3024,1
3025,1
3026,1
3027,1
3028,1
3029,1
3030,1
3031,1
3032,1
3033,1
3034,1
3035,1
3036,1
3037,1
3038,1
3039,1
3040,1
3041,1
3042,1
3043,1
3044,1
3045,1
3046,1
3047,1
3048,1
3049,1
3050,1
3051,1
3052,1
3053,1
3054,1
3055,1
3056,1
3057,1
3058,1
3059,1
3060,1
3061,1
3062,1
3063,1
3064,1
3065,1
3066,1
3067,1
3068,1
3069,1
3070,1
3071,1
3072,1
3073,1
3074,1
3075,1
3076,1
3077,1
3078,1
3079,1
3080,1
3081,1
3082,1
3083,1
3084,1
3085,1
3086,1
3087,1
3088,1
3089,1
3090,1
3091,1
3092,1
3093,1
3094,1
3095,1
3096,1
3097,1
3098,1
3099,1
3100,1
3101,1
3102,1
3103,1
3104,1
3105,1
3106,1
3107,1
3108,1
3109,1
3110,1
3111,1
3112,1
3113,1
3114,1
3115,1
3116,1
3117,1
3118,1
3119,1
3120,1
3121,1
3122,1
3123,1
3124,1
3125,1
3126,1
3127,1
3128,1
3129,1
3130,1
3131,1
3132,1
3133,1
3134,1
3135,1
3136,1
3137,1
3138,1
3139,1
3140,1
3141,1
3142,1
3143,1
3144,1
3145,1
3146,1
3147,1
3148,1
3149,1
3150,1
3151,1
3152,1
3153,1
3154,1
3155,1
3156,1
3157,1
3158,1
3159,1
3160,1
3161,1
3162,1
3163,1
3164,1
3165,1
3166,1
3167,1
3168,1
3169,1
3170,1
3171,1
3172,1
3173,1
3174,1
3175,1
3176,1
3177,1
3178,1
3179,1
3180,1
3181,1
3182,1
3183,1
3184,1
3185,1
3186,1
3187,1
3188,1
3189,1
3190,1
3191,1
3192,1
3193,1
3194,1
3195,1
3196,1
3197,1
3198,1
3199,1
3200,1
3201,1
3202,1
3203,1
3204,1
3205,1
3206,1
3207,1
3208,1
3209,1
3210,1
3211,1
3212,1
3213,1
3214,1
3215,1
3216,1
3217,1
3218,1
3219,1
3220,1
3221,1
3222,1
3223,1
3224,1
3225,1
3226,1
3227,1
3228,1
3229,1
3230,1
3231,1
3232,1
3233,1
3234,1
3235,1
3236,1
3237,1
3238,1
3239,1
3240,1
3241,1
3242,1
3243,1
3244,1
3245,1
3246,1
3247,1
3248,1
3249,1
3250,1
3251,1
3252,1
3253,1
3254,1
3255,1
3256,1
3257,1
3258,1
3259,1
3260,1
3261,1
3262,1
3263,1
3264,1
3265,1
3266,1
3267,1
3268,1
3269,1
3270,1
3271,1
3272,1
3273,1
3274,1
3275,1
3276,1
3277,1
3278,1
3279,1
3280,1
3281,1
3282,1
3283,1
3284,1
3285,1
3286,1
3287,1
3288,1
3289,1
3290,1
3291,1
3292,1
3293,1
3294,1
3295,1
3296,1
3297,1
3298,1
3299,1
3300,1
3301,1
3302,1
3303,1
3304,1
3305,1
3306,1
3307,1
3308,1
3309,1
3310,1
3311,1
3312,1
3313,1
3314,1
3315,1
3316,1
3317,1
3318,1
3319,1
3320,1
3321,1
3322,1
3323,1
3324,1
3325,1
3326,1
3327,1
3328,1
3329,1
3330,1
3331,1
3332,1
3333,1
3334,1
3335,1
3336,1
3337,1
3338,1
3339,1
3340,1
3341,1
3342,1
3343,1
3344,1
3345,1
3346,1
3347,1
3348,1
3349,1
3350,1
3351,1
3352,1
3353,1
3354,1
3355,1
3356,1
3357,1
3358,1
3359,1
3360,1
3361,1
3362,1
3363,1
3364,1
3365,1
3366,1
3367,1
3368,1
3369,1
3370,1
3371,1
3372,1
3373,1
3374,1
3375,1
3376,1
3377,1
3378,1
3379,1
3380,1
3381,1
3382,1
3383,1
3384,1
3385,1
3386,1
3387,1
3388,1
3389,1
3390,1
3391,1
3392,1
3393,1
3394,1
3395,1
3396,1
3397,1
3398,1
3399,1
3400,1
3401,1
3402,1
3403,1
3404,1
3405,1
3406,1
3407,1
3408,1
3409,1
3410,1
3411,1
3412,1
3413,1
3414,1
3415,1
3416,1
3417,1
3418,1
3419,1
3420,1
3421,1
3422,1
3423,1
3424,1
3425,1
3426,1
3427,1
3428,1
3429,1
3430,1
3431,1
3432,1
3433,1
3434,1
3435,1
3436,1
3437,1
3438,1
3439,1
3440,1
3441,1
3442,1
3443,1
3444,1
3445,1
3446,1
3447,1
3448,1
3449,1
3450,1
3451,1
3452,1
3453,1
3454,1
3455,1
3456,1
3457,1
3458,1
3459,1
3460,1
3461,1
3462,1
3463,1
3464,1
3465,1
3466,1
3467,1
3468,1
3469,1
3470,1
3471,1
3472,1
3473,1
3474,1
3475,1
3476,1
3477,1
3478,1
3479,1
3480,1
3481,1
3482,1
3483,1
3484,1
3485,1
3486,1
3487,1
3488,1
3489,1
3490,1
3491,1
3492,1
3493,1
3494,1
3495,1
3496,1
3497,1
3498,1
3499,1
3500,1
3501,1
3502,1
3503,1
3504,1
3505,1
3506,1
3507,1
3508,1
3509,1
3510,1
3511,1
3512,1
3513,1
3514,1
3515,1
3516,1
3517,1
3518,1
3519,1
3520,1
3521,1
3522,1
3523,1
3524,1
3525,1
3526,1
3527,1
3528,1
3529,1
3530,1
3531,1
3532,1
3533,1
3534,1
3535,1
3536,1
3537,1
3538,1
3539,1
3540,1
3541,1
3542,1
3543,1
3544,1
3545,1
3546,1
3547,1
3548,1
3549,1
3550,1
3551,1
3552,1
3553,1
3554,1
3555,1
3556,1
3557,1
3558,1
3559,1
3560,1
3561,1
3562,1
3563,1
3564,1
3565,1
3566,1
3567,1
3568,1
3569,1
3570,1
3571,1
3572,1
3573,1
3574,1
3575,1
3576,1
3577,1
3578,1
3579,1
3580,1
3581,1
3582,1
3583,1
3584,1
3585,1
3586,1
3587,1
3588,1
3589,1
3590,1
3591,1
3592,1
3593,1
3594,1
3595,1
3596,1
3597,1
3598,1
3599,1
3600,1
3601,1
3602,1
3603,1
3604,1
3605,1
3606,1
3607,1
3608,1
3609,1
3610,1
3611,1
3612,1
3613,1
3614,1
3615,1
3616,1
3617,1
3618,1
3619,1
3620,1
3621,1
3622,1
3623,1
3624,1
3625,1
3626,1
3627,1
3628,1
3629,1
3630,1
3631,1
3632,1
3633,1
3634,1
3635,1
3636,1
3637,1
3638,1
3639,1
3640,1
3641,1
3642,1
3643,1
3644,1
3645,1
3646,1
3647,1
3648,1
3649,1
3650,1
3651,1
3652,1
3653,1
3654,1
3655,1
3656,1
3657,1
3658,1
3659,1
3660,1
3661,1
3662,1
3663,1
3664,1
3665,1
3666,1
3667,1
3668,1
3669,1
3670,1
3671,1
3672,1
3673,1
3674,1
3675,1
3676,1
3677,1
3678,1
3679,1
3680,1
3681,1
3682,1
3683,1
3684,1
3685,1
3686,1
3687,1
3688,1
3689,1
3690,1
3691,1
3692,1
3693,1
3694,1
3695,1
3696,1
3697,1
3698,1
3699,1
3700,1
3701,1
3702,1
3703,1
3704,1
3705,1
3706,1
3707,1
3708,1
3709,1
3710,1
3711,1
3712,1
3713,1
3714,1
3715,1
3716,1
3717,1
3718,1
3719,1
3720,1
3721,1
3722,1
3723,1
3724,1
3725,1
3726,1
3727,1
3728,1
3729,1
3730,1
3731,1
3732,1
3733,1
3734,1
3735,1
3736,1
3737,1
3738,1
3739,1
3740,1
3741,1
3742,1
3743,1
3744,1
3745,1
3746,1
3747,1
3748,1
3749,1
3750,1
3751,1
3752,1
3753,1
3754,1
3755,1
3756,1
3757,1
3758,1
3759,1
3760,1
3761,1
3762,1
3763,1
3764,1
3765,1
3766,1
3767,1
3768,1
3769,1
3770,1
3771,1
3772,1
3773,1
3774,1
3775,1
3776,1
3777,1
3778,1
3779,1
3780,1
3781,1
3782,1
3783,1
3784,1
3785,1
3786,1
3787,1
3788,1
3789,1
3790,1
3791,1
3792,1
3793,1
3794,1
3795,1
3796,1
3797,1
3798,1
3799,1
3800,1
3801,1
3802,1
3803,1
3804,1
3805,1
3806,1
3807,1
3808,1
3809,1
3810,1
3811,1
3812,1
3813,1
3814,1
3815,1
3816,1
3817,1
3818,1
3819,1
3820,1
3821,1
3822,1
3823,1
3824,1
3825,1
3826,1
3827,1
3828,1
3829,1
3830,1
3831,1
3832,1
3833,1
3834,1
3835,1
3836,1
3837,1
3838,1
3839,1
3840,1
3841,1
3842,1
3843,1
3844,1
3845,1
3846,1
3847,1
3848,1
3849,1
3850,1
3851,1
3852,1
3853,1
3854,1
3855,1
3856,1
3857,1
3858,1
3859,1
3860,1
3861,1
3862,1
3863,1
3864,1
3865,1
3866,1
3867,1
3868,1
3869,1
3870,1
3871,1
3872,1
3873,1
3874,1
3875,1
3876,1
3877,1
3878,1
3879,1
3880,1
3881,1
3882,1
3883,1
3884,1
3885,1
3886,1
3887,1
3888,1
3889,1
3890,1
3891,1
3892,1
3893,1
3894,1
3895,1
3896,1
3897,1
3898,1
3899,1
3900,1
3901,1
3902,1
3903,1
3904,1
3905,1
3906,1
3907,1
3908,1
3909,1
3910,1
3911,1
3912,1
3913,1
3914,1
3915,1
3916,1
3917,1
3918,1
3919,1
3920,1
3921,1
3922,1
3923,1
3924,1
3925,1
3926,1
3927,1
3928,1
3929,1
3930,1
3931,1
3932,1
3933,1
3934,1
3935,1
3936,1
3937,1
3938,1
3939,1
3940,1
3941,1
3942,1
3943,1
3944,1
3945,1
3946,1
3947,1
3948,1
3949,1
3950,1
3951,1
3952,1
3953,1
3954,1
3955,1
3956,1
3957,1
3958,1
3959,1
3960,1
3961,1
3962,1
3963,1
3964,1
3965,1
3966,1
3967,1
3968,1
3969,1
3970,1
3971,1
3972,1
3973,1
3974,1
3975,1
3976,1
3977,1
3978,1
3979,1
3980,1
3981,1
3982,1
3983,1
3984,1
3985,1
3986,1
3987,1
3988,1
3989,1
3990,1
3991,1
3992,1
3993,1
3994,1
3995,1
3996,1
3997,1
3998,1
3999,1
4000,1
4001,1
4002,1
4003,1
4004,1
4005,1
4006,1
4007,1
4008,1
4009,1
4010,1
4011,1
4012,1
4013,1
4014,1
4015,1
4016,1
4017,1
4018,1
4019,1
4020,1
4021,1
4022,1
4023,1
4024,1
4025,1
4026,1
4027,1
4028,1
4029,1
4030,1
4031,1
4032,1
4033,1
4034,1
4035,1
4036,1
4037,1
4038,1
4039,1
4040,1
4041,1
4042,1
4043,1
4044,1
4045,1
4046,1
4047,1
4048,1
4049,1
4050,1
4051,1
4052,1
4053,1
4054,1
4055,1
4056,1
4057,1
4058,1
4059,1
4060,1
4061,1
4062,1
4063,1
4064,1
4065,1
4066,1
4067,1
4068,1
4069,1
4070,1
4071,1
4072,1
4073,1
4074,1
4075,1
4076,1
4077,1
4078,1
4079,1
4080,1
4081,1
4082,1
4083,1
4084,1
4085,1
4086,1
4087,1
4088,1
4089,1
4090,1
4091,1
4092,1
4093,1
4094,1
4095,1
4096,1
4097,1
4098,1
4099,1
4100,1
4101,1
4102,1
4103,1
4104,1
4105,1
4106,1
4107,1
4108,1
4109,1
4110,1
4111,1
4112,1
4113,1
4114,1
4115,1
4116,1
4117,1
4118,1
4119,1
4120,1
4121,1
4122,1
4123,1
4124,1
4125,1
4126,1
4127,1
4128,1
4129,1
4130,1
4131,1
4132,1
4133,1
4134,1
4135,1
4136,1
4137,1
4138,1
4139,1
4140,1
4141,1
4142,1
4143,1
4144,1
4145,1
4146,1
4147,1
4148,1
4149,1
4150,1
4151,1
4152,1
4153,1
4154,1
4155,1
4156,1
4157,1
4158,1
4159,1
4160,1
4161,1
4162,1
4163,1
4164,1
4165,1
4166,1
4167,1
4168,1
4169,1
4170,1
4171,1
4172,1
4173,1
4174,1
4175,1
4176,1
4177,1
4178,1
4179,1
4180,1
4181,1
4182,1
4183,1
4184,1
4185,1
4186,1
4187,1
4188,1
4189,1
4190,1
4191,1
4192,1
4193,1
4194,1
4195,1
4196,1
4197,1
4198,1
4199,1
4200,1
4201,1
4202,1
4203,1
4204,1
4205,1
4206,1
4207,1
4208,1
4209,1
4210,1
4211,1
4212,1
4213,1
4214,1
4215,1
4216,1
4217,1
4218,1
4219,1
4220,1
4221,1
4222,1
4223,1
4224,1
4225,1
4226,1
4227,1
4228,1
4229,1
4230,1
4231,1
4232,1
4233,1
4234,1
4235,1
4236,1
4237,1
4238,1
4239,1
4240,1
4241,1
4242,1
4243,1
4244,1
4245,1
4246,1
4247,1
4248,1
4249,1
4250,1
4251,1
4252,1
4253,1
4254,1
4255,1
4256,1
4257,1
4258,1
4259,1
4260,1
4261,1
4262,1
4263,1
4264,1
4265,1
4266,1
4267,1
4268,1
4269,1
4270,1
4271,1
4272,1
4273,1
4274,1
4275,1
4276,1
4277,1
4278,1
4279,1
4280,1
4281,1
4282,1
4283,1
4284,1
4285,1
4286,1
4287,1
4288,1
4289,1
4290,1
4291,1
4292,1
4293,1
4294,1
4295,1
4296,1
4297,1
4298,1
4299,1
4300,1
4301,1
4302,1
4303,1
4304,1
4305,1
4306,1
4307,1
4308,1
4309,1
4310,1
4311,1
4312,1
4313,1
4314,1
4315,1
4316,1
4317,1
4318,1
4319,1
4320,1
4321,1
4322,1
4323,1
4324,1
4325,1
4326,1
4327,1
4328,1
4329,1
4330,1
4331,1
4332,1
4333,1
4334,1
4335,1
4336,1
4337,1
4338,1
4339,1
4340,1
4341,1
4342,1
4343,1
4344,1
4345,1
4346,1
4347,1
4348,1
4349,1
4350,1
4351,1
4352,1
4353,1
4354,1
4355,1
4356,1
4357,1
4358,1
4359,1
4360,1
4361,1
4362,1
4363,1
4364,1
4365,1
4366,1
4367,1
4368,1
4369,1
4370,1
4371,1
4372,1
4373,1
4374,1
4375,1
4376,1
4377,1
4378,1
4379,1
4380,1
4381,1
4382,1
4383,1
4384,1
4385,1
4386,1
4387,1
4388,1
4389,1
4390,1
4391,1
4392,1
4393,1
4394,1
4395,1
4396,1
4397,1
4398,1
4399,1
4400,1
4401,1
4402,1
4403,1
4404,1
4405,1
4406,1
4407,1
4408,1
4409,1
4410,1
4411,1
4412,1
4413,1
4414,1
4415,1
4416,1
4417,1
4418,1
4419,1
4420,1
4421,1
4422,1
4423,1
4424,1
4425,1
4426,1
4427,1
4428,1
4429,1
4430,1
4431,1
4432,1
4433,1
4434,1
4435,1
4436,1
4437,1
4438,1
4439,1
4440,1
4441,1
4442,1
4443,1
4444,1
4445,1
4446,1
4447,1
4448,1
4449,1
4450,1
4451,1
4452,1
4453,1
4454,1
4455,1
4456,1
4457,1
4458,1
4459,1
4460,1
4461,1
4462,1
4463,1
4464,1
4465,1
4466,1
4467,1
4468,1
4469,1
4470,1
4471,1
4472,1
4473,1
4474,1
4475,1
4476,1
4477,1
4478,1
4479,1
4480,1
4481,1
4482,1
4483,1
4484,1
4485,1
4486,1
4487,1
4488,1
4489,1
4490,1
4491,1
4492,1
4493,1
4494,1
4495,1
4496,1
4497,1
4498,1
4499,1
4500,1
4501,1
4502,1
4503,1
4504,1
4505,1
4506,1
4507,1
4508,1
4509,1
4510,1
4511,1
4512,1
4513,1
4514,1
4515,1
4516,1
4517,1
4518,1
4519,1
4520,1
4521,1
4522,1
4523,1
4524,1
4525,1
4526,1
4527,1
4528,1
4529,1
4530,1
4531,1
4532,1
4533,1
4534,1
4535,1
4536,1
4537,1
4538,1
4539,1
4540,1
4541,1
4542,1
4543,1
4544,1
4545,1
4546,1
4547,1
4548,1
4549,1
4550,1
4551,1
4552,1
4553,1
4554,1
4555,1
4556,1
4557,1
4558,1
4559,1
4560,1
4561,1
4562,1
4563,1
4564,1
4565,1
4566,1
4567,1
4568,1
4569,1
4570,1
4571,1
4572,1
4573,1
4574,1
4575,1
4576,1
4577,1
4578,1
4579,1
4580,1
4581,1
4582,1
4583,1
4584,1
4585,1
4586,1
4587,1
4588,1
4589,1
4590,1
4591,1
4592,1
4593,1
4594,1
4595,1
4596,1
4597,1
4598,1
4599,1
4600,1
4601,1
4602,1
4603,1
4604,1
4605,1
4606,1
4607,1
4608,1
4609,1
4610,1
4611,1
4612,1
4613,1
4614,1
4615,1
4616,1
4617,1
4618,1
4619,1
4620,1
4621,1
4622,1
4623,1
4624,1
4625,1
4626,1
4627,1
4628,1
4629,1
4630,1
4631,1
4632,1
4633,1
4634,1
4635,1
4636,1
4637,1
4638,1
4639,1
4640,1
4641,1
4642,1
4643,1
4644,1
4645,1
4646,1
4647,1
4648,1
4649,1
4650,1
4651,1
4652,1
4653,1
4654,1
4655,1
4656,1
4657,1
4658,1
4659,1
4660,1
4661,1
4662,1
4663,1
4664,1
4665,1
4666,1
4667,1
4668,1
4669,1
4670,1
4671,1
4672,1
4673,1
4674,1
4675,1
4676,1
4677,1
4678,1
4679,1
4680,1
4681,1
4682,1
4683,1
4684,1
4685,1
4686,1
4687,1
4688,1
4689,1
4690,1
4691,1
4692,1
4693,1
4694,1
4695,1
4696,1
4697,1
4698,1
4699,1
4700,1
4701,1
4702,1
4703,1
4704,1
4705,1
4706,1
4707,1
4708,1
4709,1
4710,1
4711,1
4712,1
4713,1
4714,1
4715,1
4716,1
4717,1
4718,1
4719,1
4720,1
4721,1
4722,1
4723,2
4724,2
4725,2
4726,2
4727,2
4728,2
4729,2
4730,2
4731,2
4732,2
4733,2
4734,2
4735,2
4736,2
4737,2
4738,2
4739,2
4740,2
4741,2
4742,2
4743,2
4744,2
4745,2
4746,2
4747,2
4748,2
4749,2
4750,2
4751,2
4752,2
4753,2
4754,2
4755,2
4756,2
4757,2
4758,2
4759,2
4760,2
4761,2
4762,2
4763,2
4764,2
4765,2
4766,2
4767,2
4768,2
4769,2
4770,2
4771,2
4772,2
4773,2
4774,2
4775,2
4776,2
4777,2
4778,2
4779,2
4780,2
4781,2
4782,2
4783,2
4784,2
4785,2
4786,2
4787,2
4788,2
4789,2
4790,2
4791,2
4792,2
4793,2
4794,2
4795,2
4796,2
4797,2
4798,2
4799,2
4800,2
4801,2
4802,2
4803,2
4804,2
4805,2
4806,2
4807,2
4808,2
4809,2
4810,2
4811,2
4812,2
4813,2
4814,2
4815,2
4816,2
4817,2
4818,2
4819,2
4820,2
4821,2
4822,2
4823,2
4824,2
4825,2
4826,2
4827,2
4828,2
4829,2
4830,2
4831,2
4832,2
4833,2
4834,2
4835,2
4836,2
4837,2
4838,2
4839,2
4840,2
4841,2
4842,2
4843,2
4844,2
4845,2
4846,2
4847,2
4848,2
4849,2
4850,2
4851,2
4852,2
4853,2
4854,2
4855,2
4856,2
4857,2
4858,2
4859,2
4860,2
4861,2
4862,2
4863,2
4864,2
4865,2
4866,2
4867,2
4868,2
4869,2
4870,2
4871,2
4872,2
4873,2
4874,2
4875,2
4876,2
4877,2
4878,2
4879,2
4880,2
4881,2
4882,2
4883,2
4884,2
4885,2
4886,2
4887,2
4888,2
4889,2
4890,2
4891,2
4892,2
4893,2
4894,2
4895,2
4896,2
4897,2
4898,2
4899,2
4900,2
4901,2
4902,2
4903,2
4904,2
4905,2
4906,2
4907,2
4908,2
4909,2
4910,2
4911,2
4912,2
4913,2
4914,2
4915,2
4916,2
4917,2
4918,2
4919,2
4920,2
4921,2
4922,2
4923,2
4924,2
4925,2
4926,2
4927,2
4928,2
4929,2
4930,2
4931,2
4932,2
4933,2
4934,2
4935,2
4936,2
4937,2
4938,2
4939,2
4940,2
4941,2
4942,2
4943,2
4944,2
4945,2
4946,2
4947,2
4948,2
4949,2
4950,2
4951,2
4952,2
4953,2
4954,2
4955,2
4956,2
4957,2
4958,2
4959,2
4960,2
4961,2
4962,2
4963,2
4964,2
4965,2
4966,2
4967,2
4968,2
4969,2
4970,2
4971,2
4972,2
4973,2
4974,2
4975,2
4976,2
4977,2
4978,2
4979,2
4980,2
4981,2
4982,2
4983,2
4984,2
4985,2
4986,2
4987,2
4988,2
4989,2
4990,2
4991,2
4992,2
4993,2
4994,2
4995,2
4996,2
4997,2
4998,2
4999,2
5000,2
5001,2
5002,2
5003,2
5004,2
5005,2
5006,2
5007,2
5008,2
5009,2
5010,2
5011,2
5012,2
5013,2
5014,2
5015,2
5016,2
5017,2
5018,2
5019,2
5020,2
5021,2
5022,2
5023,2
5024,2
5025,2
5026,2
5027,2
5028,2
5029,2
5030,2
5031,2
5032,2
5033,2
5034,2
5035,2
5036,2
5037,2
5038,2
5039,2
5040,2
5041,2
5042,2
5043,2
5044,2
5045,2
5046,2
5047,2
5048,2
5049,2
5050,2
5051,2
5052,2
5053,2
5054,2
5055,2
5056,2
5057,2
5058,2
5059,2
5060,2
5061,2
5062,2
5063,2
5064,2
5065,2
5066,2
5067,2
5068,2
5069,2
5070,2
5071,2
5072,2
5073,2
5074,2
5075,2
5076,2
5077,2
5078,2
5079,2
5080,2
5081,2
5082,2
5083,2
5084,2
5085,2
5086,2
5087,2
5088,2
5089,2
5090,2
5091,2
5092,2
5093,2
5094,2
5095,2
5096,2
5097,2
5098,2
5099,2
5100,2
5101,2
5102,2
5103,2
5104,2
5105,2
5106,2
5107,2
5108,2
5109,2
5110,2
5111,2
5112,2
5113,2
5114,2
5115,2
5116,2
5117,2
5118,2
5119,2
5120,2
5121,2
5122,2
5123,2
5124,2
5125,2
5126,2
5127,2
5128,2
5129,2
5130,2
5131,2
5132,2
5133,2
5134,2
5135,2
5136,2
5137,2
5138,2
5139,2
5140,2
5141,2
5142,2
5143,2
5144,2
5145,2
5146,2
5147,2
5148,2
5149,2
5150,2
5151,2
5152,2
5153,2
5154,2
5155,2
5156,2
5157,2
5158,2
5159,2
5160,2
5161,2
5162,2
5163,2
5164,2
5165,2
5166,2
5167,2
5168,2
5169,2
5170,2
5171,2
5172,2
5173,2
5174,2
5175,2
5176,2
5177,2
5178,2
5179,2
5180,2
5181,2
5182,2
5183,2
5184,2
5185,2
5186,2
5187,2
5188,2
5189,2
5190,2
5191,2
5192,2
5193,2
5194,2
5195,2
5196,2
5197,2
5198,2
5199,2
5200,2
5201,2
5202,2
5203,2
5204,2
5205,2
5206,2
5207,2
5208,2
5209,2
5210,2
5211,2
5212,2
5213,2
5214,2
5215,2
5216,2
5217,2
5218,2
5219,2
5220,2
5221,2
5222,2
5223,2
5224,2
5225,2
5226,2
5227,2
5228,2
5229,2
5230,2
5231,2
5232,2
5233,2
5234,2
5235,2
5236,2
5237,2
5238,2
5239,2
5240,2
5241,2
5242,2
5243,2
5244,2
5245,2
5246,2
5247,2
5248,2
5249,2
5250,2
5251,2
5252,2
5253,2
5254,2
5255,2
5256,2
5257,2
5258,2
5259,2
5260,2
5261,2
5262,2
5263,2
5264,2
5265,2
5266,2
5267,2
5268,2
5269,2
5270,2
5271,2
5272,2
5273,2
5274,2
5275,2
5276,2
5277,2
5278,2
5279,2
5280,2
5281,2
5282,2
5283,2
5284,2
5285,2
5286,2
5287,2
5288,2
5289,2
5290,2
5291,2
5292,2
5293,2
5294,2
5295,2
5296,2
5297,2
5298,2
5299,2
5300,2
5301,2
5302,2
5303,2
5304,2
5305,2
5306,2
5307,2
5308,2
5309,2
5310,2
5311,2
5312,2
5313,2
5314,2
5315,2
5316,2
5317,2
5318,2
5319,2
5320,2
5321,2
5322,2
5323,2
5324,2
5325,2
5326,2
5327,2
5328,2
5329,2
5330,2
5331,2
5332,2
5333,2
5334,2
5335,2
5336,2
5337,2
5338,2
5339,2
5340,2
5341,2
5342,2
5343,2
5344,2
5345,2
5346,2
5347,2
5348,2
5349,2
5350,2
5351,2
5352,2
5353,2
5354,2
5355,2
5356,2
5357,2
5358,2
5359,2
5360,2
5361,2
5362,2
5363,2
5364,2
5365,2
5366,2
5367,2
5368,2
5369,2
5370,2
5371,2
5372,2
5373,2
5374,2
5375,2
5376,2
5377,2
5378,2
5379,2
5380,2
5381,2
5382,2
5383,2
5384,2
5385,2
5386,2
5387,2
5388,2
5389,2
5390,2
5391,2
5392,2
5393,2
5394,2
5395,2
5396,2
5397,2
5398,2
5399,2
5400,2
5401,2
5402,2
5403,2
5404,2
5405,2
5406,2
5407,2
5408,2
5409,2
5410,2
5411,2
5412,2
5413,2
5414,2
5415,2
5416,2
5417,2
5418,2
5419,2
5420,2
5421,2
5422,2
5423,2
5424,2
5425,2
5426,2
5427,2
5428,2
5429,2
5430,2
5431,2
5432,2
5433,2
5434,2
5435,2
5436,2
5437,2
5438,2
5439,2
5440,2
5441,2
5442,2
5443,2
5444,2
5445,2
5446,2
5447,2
5448,2
5449,2
5450,2
5451,2
5452,2
5453,2
5454,2
5455,2
5456,2
5457,2
5458,2
5459,2
5460,2
5461,2
5462,2
5463,2
5464,2
5465,2
5466,2
5467,2
5468,2
5469,2
5470,2
5471,2
5472,2
5473,2
5474,2
5475,2
5476,2
5477,2
5478,2
5479,2
5480,2
5481,2
5482,2
5483,2
5484,2
5485,2
5486,2
5487,2
5488,2
5489,2
5490,2
5491,2
5492,2
5493,2
5494,2
5495,2
5496,2
5497,2
5498,2
5499,2
5500,2
5501,2
5502,2
5503,2
5504,2
5505,2
5506,2
5507,2
5508,2
5509,2
5510,2
5511,2
5512,2
5513,2
5514,2
5515,2
5516,2
5517,2
5518,2
5519,2
5520,2
5521,2
5522,2
5523,2
5524,2
5525,2
5526,2
5527,2
5528,2
5529,2
5530,2
5531,2
5532,2
5533,2
5534,2
5535,2
5536,2
5537,2
5538,2
5539,2
5540,2
5541,2
5542,2
5543,2
5544,2
5545,2
5546,2
5547,2
5548,2
5549,2
5550,2
5551,2
5552,2
5553,2
5554,2
5555,2
5556,2
5557,2
5558,2
5559,2
5560,2
5561,2
5562,2
5563,2
5564,2
5565,2
5566,2
5567,2
5568,2
5569,2
5570,2
5571,2
5572,2
5573,2
5574,2
5575,2
5576,2
5577,2
5578,2
5579,2
5580,2
5581,2
5582,2
5583,2
5584,2
5585,2
5586,2
5587,2
5588,2
5589,2
5590,2
5591,2
5592,2
5593,2
5594,2
5595,2
5596,2
5597,2
5598,2
5599,2
5600,2
5601,2
5602,2
5603,2
5604,2
5605,2
5606,2
5607,2
5608,2
5609,2
5610,2
5611,2
5612,2
5613,2
5614,2
5615,2
5616,2
5617,2
5618,2
5619,2
5620,2
5621,2
5622,2
5623,2
5624,2
5625,2
5626,2
5627,2
5628,2
5629,2
5630,2
5631,2
5632,2
5633,2
5634,2
5635,2
5636,2
5637,3
5638,3
5639,3
5640,3
5641,3
5642,3
5643,3
5644,3
5645,3
5646,3
5647,3
5648,3
5649,3
5650,3
5651,3
5652,3
5653,3
5654,3
5655,3
5656,3
5657,3
5658,3
5659,3
5660,3
5661,3
5662,3
5663,3
5664,3
5665,3
5666,3
5667,3
5668,3
5669,3
5670,3
5671,3
5672,3
5673,3
5674,3
5675,3
5676,3
5677,3
5678,3
5679,3
5680,3
5681,3
5682,3
5683,3
5684,3
5685,3
5686,3
5687,3
5688,3
5689,3
5690,3
5691,3
5692,3
5693,3
5694,3
5695,3
5696,3
5697,3
5698,3
5699,3
5700,3
5701,3
5702,3
5703,3
5704,3
5705,3
5706,3
5707,3
5708,3
5709,3
5710,3
5711,3
5712,3
5713,3
5714,3
5715,3
5716,3
5717,3
5718,3
5719,3
5720,3
5721,3
5722,3
5723,3
5724,3
5725,3
5726,3
5727,3
5728,3
5729,3
5730,3
5731,3
5732,3
5733,3
5734,3
5735,3
5736,3
5737,3
5738,3
5739,3
5740,3
5741,3
5742,3
5743,3
5744,3
5745,3
5746,3
5747,3
5748,3
5749,3
5750,3
5751,3
5752,3
5753,3
5754,3
5755,3
5756,3
5757,3
5758,3
5759,3
5760,3
5761,3
5762,3
5763,3
5764,3
5765,3
5766,3
5767,3
5768,3
5769,3
5770,3
5771,3
5772,3
5773,3
5774,3
5775,3
5776,3
5777,3
5778,3
5779,3
5780,3
5781,3
5782,3
5783,3
5784,3
5785,3
5786,3
5787,3
5788,3
5789,3
5790,3
5791,3
5792,3
5793,3
5794,3
5795,3
5796,3
5797,3
5798,3
5799,3
5800,3
5801,3
5802,3
5803,3
5804,3
5805,3
5806,3
5807,3
5808,3
5809,3
5810,3
5811,4
5812,4
5813,4
5814,4
5815,4
5816,4
5817,4
5818,4
5819,4
5820,4
5821,4
5822,4
5823,4
5824,4
5825,4
5826,4
5827,4
5828,4
5829,4
5830,4
5831,4
5832,4
5833,4
5834,4
5835,4
5836,4
5837,4
5838,4
5839,4
5840,4
5841,4
5842,4
5843,4
5844,4
5845,4
5846,4
5847,4
5848,4
5849,4
5850,4
5851,4
5852,4
5853,4
5854,5
5855,5
5856,5
5857,5
5858,5
5859,5
5860,5
5861,5
5862,5
5863,5
5864,5
5865,5
5866,5
5867,5
5868,5
5869,5
5870,5
5871,5
5872,5
5873,5
5874,5
5875,5
5876,5
5877,5
5878,5
5879,5
5880,5
5881,5
5882,5
5883,5
5884,5
5885,5
5886,5
5887,5
5888,5
5889,5
5890,5
5891,5
5892,5
5893,5
5894,5
5895,5
5896,5
5897,5
5898,5
5899,5
5900,5
5901,5
5902,5
5903,5
5904,5
5905,5
5906,5
5907,5
5908,5
5909,5
5910,5
5911,5
5912,5
5913,5
5914,5
5915,5
5916,5
5917,5
5918,5
5919,5
5920,5
5921,5
5922,5
5923,5
5924,5
5925,5
5926,5
5927,5
5928,5
5929,5
5930,5
5931,5
5932,5
5933,5
5934,5
5935,5
5936,5
5937,5
5938,5
5939,5
5940,5
5941,5
5942,5
5943,5
5944,5
5945,5
5946,5
5947,5
5948,5
5949,5
5950,5
5951,5
5952,5
5953,5
5954,5
5955,5
5956,5
5957,5
5958,5
5959,5
5960,5
5961,5
5962,5
5963,5
5964,5
5965,5
5966,5
5967,5
5968,5
5969,5
5970,5
5971,5
5972,5
5973,5
5974,5
5975,5
5976,5
5977,5
5978,5
5979,5
5980,5
5981,5
5982,5
5983,5
5984,5
5985,5
5986,5
5987,5
5988,5
5989,5
5990,5
5991,5
5992,5
5993,5
5994,5
5995,5
5996,5
5997,5
5998,5
5999,5
6000,5
6001,5
6002,5
6003,5
6004,5
6005,5
6006,5
6007,5
6008,5
6009,5
6010,5
6011,5
6012,5
6013,5
6014,5
6015,5
6016,5
6017,5
6018,5
6019,5
6020,5
6021,5
6022,5
6023,5
6024,5
6025,5
6026,5
6027,5
6028,5
6029,5
6030,5
6031,5
6032,5
6033,5
6034,5
6035,5
6036,5
6037,5
6038,5
6039,5
6040,5
6041,5
6042,5
6043,5
6044,5
6045,5
6046,5
6047,5
6048,5
6049,5
6050,5
6051,5
6052,5
6053,5
6054,5
6055,5
6056,5
6057,5
6058,5
6059,5
6060,5
6061,5
6062,5
6063,5
6064,5
6065,5
6066,5
6067,5
6068,5
6069,5
6070,5
6071,5
6072,5
6073,5
6074,5
6075,5
6076,5
6077,5
6078,5
6079,5
6080,5
6081,5
6082,5
6083,5
6084,5
6085,5
6086,5
6087,5
6088,5
6089,5
6090,5
6091,5
6092,5
6093,5
6094,5
6095,5
6096,5
6097,5
6098,5
6099,5
6100,5
6101,5
6102,5
6103,5
6104,5
6105,5
6106,5
6107,5
6108,5
6109,5
6110,5
6111,5
6112,5
6113,5
6114,5
6115,5
6116,5
6117,5
6118,5
6119,5
6120,5
6121,5
6122,5
6123,5
6124,5
6125,5
6126,5
6127,5
6128,5
6129,5
6130,5
6131,5
6132,5
6133,5
6134,5
6135,5
6136,5
6137,5
6138,5
6139,5
6140,5
6141,5
6142,5
6143,5
6144,5
6145,5
6146,5
6147,5
6148,5
6149,5
6150,5
6151,5
6152,5
6153,5
6154,5
6155,5
6156,5
6157,5
6158,5
6159,5
6160,5
6161,5
6162,5
6163,5
6164,5
6165,5
6166,5
6167,5
6168,5
6169,5
6170,5
6171,5
6172,5
6173,5
6174,5
6175,5
6176,5
6177,5
6178,5
6179,5
6180,5
6181,5
6182,5
6183,5
6184,5
6185,5
6186,5
6187,5
6188,5
6189,5
6190,5
6191,5
6192,5
6193,5
6194,5
6195,5
6196,5
6197,5
6198,5
6199,5
6200,5
6201,5
6202,5
6203,5
6204,5
6205,5
6206,5
6207,5
6208,5
6209,5
6210,5
6211,5
6212,5
6213,5
6214,5
6215,5
6216,5
6217,5
6218,5
6219,5
6220,5
6221,5
6222,5
6223,5
6224,5
6225,5
6226,5
6227,5
6228,5
6229,5
6230,5
6231,5
6232,5
6233,5
6234,5
6235,5
6236,5
6237,5
6238,5
6239,5
6240,5
6241,5
6242,5
6243,5
6244,5
6245,5
6246,5
6247,5
6248,5
6249,5
6250,5
6251,5
6252,5
6253,5
6254,5
6255,5
6256,5
6257,5
6258,5
6259,5
6260,5
6261,5
6262,5
6263,5
6264,5
6265,5
6266,5
6267,5
6268,5
6269,5
6270,5
6271,5
6272,5
6273,5
6274,5
6275,5
6276,5
6277,5
6278,5
6279,5
6280,5
6281,5
6282,5
6283,5
6284,5
6285,5
6286,5
6287,5
6288,5
6289,5
6290,5
6291,5
6292,5
6293,5
6294,5
6295,5
6296,5
6297,5
6298,5
6299,5
6300,5
6301,5
6302,5
6303,5
6304,5
6305,5
6306,5
6307,5
6308,5
6309,5
6310,5
6311,5
6312,5
6313,5
6314,5
6315,5
6316,5
6317,5
6318,5
6319,5
6320,5
6321,5
6322,5
6323,5
6324,5
6325,5
6326,5
6327,5
6328,5
6329,5
6330,5
6331,5
6332,5
6333,5
6334,5
6335,5
6336,5
6337,5
6338,5
6339,5
6340,5
6341,5
6342,5
6343,5
6344,5
6345,5
6346,5
6347,5
6348,5
6349,5
6350,5
6351,5
6352,5
6353,5
6354,5
6355,5
6356,5
6357,5
6358,5
6359,5
6360,5
6361,5
6362,5
6363,5
6364,5
6365,5
6366,5
6367,5
6368,5
6369,5
6370,5
6371,5
6372,5
6373,5
6374,5
6375,5
6376,5
6377,5
6378,5
6379,5
6380,5
6381,5
6382,5
6383,5
6384,5
6385,5
6386,5
6387,5
6388,5
6389,5
6390,5
6391,5
6392,5
6393,5
6394,5
6395,5
6396,5
6397,5
6398,5
6399,5
6400,5
6401,5
6402,5
6403,5
6404,5
6405,5
6406,5
6407,5
6408,5
6409,5
6410,5
6411,5
6412,5
6413,5
6414,5
6415,5
6416,5
6417,5
6418,5
6419,5
6420,5
6421,5
6422,5
6423,5
6424,5
6425,5
6426,5
6427,5
6428,5
6429,5
6430,5
6431,5
6432,5
6433,5
6434,5
6435,5
6436,5
6437,5
6438,5
6439,5
6440,5
6441,5
6442,5
6443,5
6444,5
6445,5
6446,5
6447,5
6448,5
6449,5
6450,5
6451,5
6452,5
6453,5
6454,5
6455,5
6456,5
6457,5
6458,5
6459,5
6460,5
6461,5
6462,5
6463,5
6464,5
6465,5
6466,5
6467,5
6468,5
6469,5
6470,5
6471,5
6472,5
6473,5
6474,5
6475,5
6476,5
6477,5
6478,5
6479,5
6480,5
6481,5
6482,5
6483,5
6484,5
6485,5
6486,5
6487,5
6488,5
6489,5
6490,5
6491,5
6492,5
6493,5
6494,5
6495,5
6496,5
6497,5
6498,5
6499,5
6500,5
6501,5
6502,5
6503,5
6504,5
6505,5
6506,5
6507,5
6508,5
6509,5
6510,5
6511,5
6512,5
6513,5
6514,5
6515,5
6516,5
6517,5
6518,5
6519,5
6520,5
6521,5
6522,5
6523,5
6524,5
6525,5
6526,5
6527,5
6528,5
6529,5
6530,5
6531,5
6532,5
6533,5
6534,5
6535,5
6536,5
6537,5
6538,5
6539,5
6540,5
6541,5
6542,5
6543,5
6544,5
6545,5
6546,5
6547,5
6548,5
6549,5
6550,5
6551,5
6552,5
6553,5
6554,5
6555,5
6556,5
6557,5
6558,5
6559,5
6560,5
6561,5
6562,5
6563,5
6564,5
6565,5
6566,5
6567,5
6568,5
6569,5
6570,5
6571,5
6572,5
6573,5
6574,5
6575,5
6576,5
6577,5
6578,5
6579,5
6580,5
6581,5
6582,5
6583,5
6584,5
6585,5
6586,5
6587,5
6588,5
6589,5
6590,5
6591,5
6592,5
6593,5
6594,5
6595,5
6596,5
6597,5
6598,5
6599,5
6600,5
6601,5
6602,5
6603,5
6604,5
6605,5
6606,5
6607,5
6608,5
6609,5
6610,5
6611,5
6612,5
6613,5
6614,5
6615,5
6616,5
6617,5
6618,5
6619,5
6620,5
6621,5
6622,5
6623,5
6624,5
6625,5
6626,5
6627,5
6628,5
6629,5
6630,5
6631,5
6632,5
6633,5
6634,5
6635,5
6636,5
6637,5
6638,5
6639,5
6640,5
6641,5
6642,5
6643,5
6644,5
6645,5
6646,5
6647,5
6648,5
6649,5
6650,5
6651,5
6652,5
6653,5
6654,5
6655,5
6656,5
6657,5
6658,5
6659,5
6660,5
6661,5
6662,5
6663,5
6664,5
6665,5
6666,5
6667,5
6668,5
6669,5
6670,5
6671,5
6672,5
6673,5
6674,5
6675,5
6676,5
6677,5
6678,5
6679,5
6680,5
6681,5
6682,5
6683,5
6684,5
6685,5
6686,5
6687,5
6688,5
6689,5
6690,5
6691,5
6692,5
6693,5
6694,5
6695,5
6696,5
6697,5
6698,5
6699,5
6700,5
6701,5
6702,5
6703,5
6704,5
6705,5
6706,5
6707,5
6708,5
6709,5
6710,5
6711,5
6712,5
6713,5
6714,5
6715,5
6716,5
6717,5
6718,5
6719,5
6720,5
6721,5
6722,5
6723,5
6724,5
6725,5
6726,5
6727,5
6728,5
6729,5
6730,5
6731,5
6732,5
6733,5
6734,5
6735,5
6736,5
6737,5
6738,5
6739,5
6740,5
6741,5
6742,5
6743,5
6744,5
6745,5
6746,5
6747,5
6748,5
6749,5
6750,5
6751,5
6752,5
6753,5
6754,5
6755,5
6756,5
6757,5
6758,5
6759,5
6760,5
6761,5
6762,5
6763,5
6764,5
6765,5
6766,5
6767,5
6768,5
6769,5
6770,5
6771,5
6772,5
6773,5
6774,5
6775,5
6776,5
6777,5
6778,5
6779,5
6780,5
6781,5
6782,5
6783,5
6784,5
6785,5
6786,5
6787,5
6788,5
6789,5
6790,5
6791,5
6792,5
6793,5
6794,5
6795,5
6796,5
6797,5
6798,5
6799,5
6800,5
6801,5
6802,5
6803,5
6804,5
6805,5
6806,5
6807,5
6808,5
6809,5
6810,5
6811,5
6812,5
6813,5
6814,5
6815,5
6816,5
6817,5
6818,5
6819,5
6820,5
6821,5
6822,5
6823,5
6824,5
6825,5
6826,5
6827,5
6828,5
6829,5
6830,5
6831,5
6832,5
6833,5
6834,5
6835,5
6836,5
6837,5
6838,5
6839,5
6840,5
6841,5
6842,5
6843,5
6844,5
6845,5
6846,5
6847,5
6848,5
6849,5
6850,5
6851,5
6852,5
6853,5
6854,5
6855,5
6856,5
6857,5
6858,5
6859,5
6860,5
6861,5
6862,5
6863,5
6864,5
6865,5
6866,5
6867,5
6868,5
6869,5
6870,5
6871,5
6872,5
6873,5
6874,5
6875,5
6876,5
6877,5
6878,5
6879,5
6880,5
6881,5
6882,5
6883,5
6884,5
6885,5
6886,5
6887,5
6888,5
6889,5
6890,5
6891,5
6892,5
6893,5
6894,5
6895,5
6896,5
6897,5
6898,5
6899,5
6900,5
6901,5
6902,5
6903,5
6904,5
6905,5
6906,5
6907,5
6908,5
6909,5
6910,5
6911,5
6912,5
6913,5
6914,5
6915,5
6916,5
6917,5
6918,5
6919,5
6920,5
6921,5
6922,5
6923,5
6924,5
6925,5
6926,5
6927,5
6928,5
6929,5
6930,5
6931,5
6932,5
6933,5
6934,5
6935,5
6936,5
6937,5
6938,5
6939,5
6940,5
6941,5
6942,5
6943,5
6944,5
6945,5
6946,5
6947,5
6948,5
6949,5
6950,5
6951,5
6952,5
6953,5
6954,5
6955,5
6956,5
6957,5
6958,5
6959,5
6960,5
6961,5
6962,5
6963,5
6964,5
6965,5
6966,5
6967,5
6968,5
6969,5
6970,5
6971,5
6972,5
6973,5
6974,5
6975,5
6976,5
6977,5
6978,5
6979,5
6980,5
6981,5
6982,5
6983,5
6984,5
6985,5
6986,5
6987,5
6988,5
6989,5
6990,5
6991,5
6992,5
6993,5
6994,5
6995,5
6996,5
6997,5
6998,5
6999,5
7000,5
7001,5
7002,5
7003,5
7004,5
7005,5
7006,5
7007,5
7008,5
7009,5
7010,5
7011,5
7012,5
7013,5
7014,5
7015,5
7016,5
7017,5
7018,5
7019,5
7020,5
7021,5
7022,5
7023,5
7024,5
7025,5
7026,5
7027,5
7028,5
7029,5
7030,5
7031,5
7032,5
7033,5
7034,5
7035,5
7036,5
7037,5
7038,5
7039,5
7040,5
7041,5
7042,5
7043,5
7044,5
7045,5
7046,5
7047,5
7048,5
7049,5
7050,5
7051,5
7052,5
7053,5
7054,5
7055,5
7056,5
7057,5
7058,5
7059,5
7060,5
7061,5
7062,5
7063,5
7064,5
7065,5
7066,5
7067,5
7068,5
7069,5
7070,5
7071,5
7072,5
7073,5
7074,5
7075,5
7076,5
7077,5
7078,5
7079,5
7080,5
7081,5
7082,5
7083,5
7084,5
7085,5
7086,5
7087,5
7088,5
7089,5
7090,5
7091,5
7092,5
7093,5
7094,5
7095,5
7096,5
7097,5
7098,5
7099,5
7100,5
7101,5
7102,5
7103,5
7104,5
7105,5
7106,5
7107,5
7108,5
7109,5
7110,5
7111,5
7112,5
7113,5
7114,5
7115,5
7116,5
7117,5
7118,5
7119,5
7120,5
7121,5
7122,5
7123,5
7124,5
7125,5
7126,5
7127,5
7128,5
7129,5
7130,5
7131,5
7132,5
7133,5
7134,5
7135,5
7136,5
7137,5
7138,5
7139,5
7140,5
7141,5
7142,5
7143,5
7144,5
7145,5
7146,5
7147,5
7148,5
7149,5
7150,5
7151,5
7152,5
7153,5
7154,5
7155,5
7156,5
7157,5
7158,5
7159,5
7160,5
7161,5
7162,5
7163,5
7164,5
7165,5
7166,5
7167,5
7168,5
7169,5
7170,5
7171,5
7172,5
7173,5
7174,5
7175,5
7176,5
7177,5
7178,5
7179,5
7180,5
7181,5
7182,5
7183,5
7184,5
7185,5
7186,5
7187,5
7188,5
7189,5
7190,5
7191,5
7192,5
7193,5
7194,5
7195,5
7196,5
7197,5
7198,5
7199,5
7200,5
7201,5
7202,5
7203,5
7204,5
7205,5
7206,5
7207,5
7208,5
7209,5
7210,5
7211,5
7212,5
7213,5
7214,5
7215,5
7216,5
7217,5
7218,5
7219,5
7220,5
7221,5
7222,5
7223,5
7224,5
7225,5
7226,5
7227,5
7228,5
7229,5
7230,5
7231,5
7232,5
7233,5
7234,5
7235,5
7236,5
7237,5
7238,5
7239,5
7240,5
7241,5
7242,5
7243,5
7244,5
7245,5
7246,5
7247,5
7248,5
7249,5
7250,5
7251,5
7252,5
7253,5
7254,5
7255,5
7256,5
7257,5
7258,5
7259,5
7260,5
7261,5
7262,5
7263,5
7264,5
7265,5
7266,5
7267,5
7268,5
7269,5
7270,5
7271,5
7272,5
7273,5
7274,5
7275,5
7276,5
7277,5
7278,5
7279,5
7280,5
7281,5
7282,5
7283,5
7284,5
7285,5
7286,5
7287,5
7288,5
7289,5
7290,5
7291,5
7292,5
7293,5
7294,5
7295,5
7296,5
7297,5
7298,5
7299,5
7300,5
7301,5
7302,5
7303,5
7304,5
7305,5
7306,5
7307,5
7308,5
7309,5
7310,5
7311,5
7312,5
7313,5
7314,5
7315,5
7316,5
7317,5
7318,5
7319,5
7320,5
7321,5
7322,5
7323,5
7324,5
7325,5
7326,5
7327,5
7328,5
7329,5
7330,5
7331,5
7332,5
7333,5
7334,5
7335,5
7336,5
7337,5
7338,5
7339,5
7340,5
7341,5
7342,5
7343,5
7344,5
7345,5
7346,5
7347,5
7348,5
7349,5
7350,5
7351,5
7352,5
7353,5
7354,5
7355,5
7356,5
7357,5
7358,5
7359,5
7360,5
7361,5
7362,5
7363,5
7364,5
7365,5
7366,5
7367,5
7368,5
7369,5
7370,5
7371,5
7372,5
7373,5
7374,5
7375,5
7376,5
7377,5
7378,5
7379,5
7380,5
7381,5
7382,5
7383,5
7384,5
7385,5
7386,5
7387,5
7388,5
7389,5
7390,5
7391,5
7392,5
7393,5
7394,5
7395,5
7396,5
7397,5
7398,5
7399,5
7400,5
7401,5
7402,5
7403,5
7404,5
7405,5
7406,5
7407,5
7408,5
7409,5
7410,5
7411,5
7412,5
7413,5
7414,5
7415,5
7416,5
7417,5
7418,5
7419,5
7420,5
7421,5
7422,5
7423,5
7424,5
7425,5
7426,5
7427,5
7428,5
7429,5
7430,5
7431,5
7432,5
7433,5
7434,5
7435,5
7436,5
7437,5
7438,5
7439,5
7440,5
7441,5
7442,5
7443,5
7444,5
7445,5
7446,5
7447,5
7448,5
7449,5
7450,5
7451,5
7452,5
7453,5
7454,5
7455,5
7456,5
7457,5
7458,5
7459,5
7460,5
7461,5
7462,5
7463,5
7464,5
7465,5
7466,5
7467,5
7468,5
7469,5
7470,5
7471,5
7472,5
7473,5
7474,5
7475,5
7476,5
7477,6
7478,6
7479,6
7480,6
7481,6
7482,6
7483,6
7484,6
7485,6
7486,6
7487,6
7488,6
7489,6
7490,6
7491,6
7492,6
7493,6
7494,6
7495,6
7496,6
7497,6
7498,6
7499,6
7500,6
7501,6
7502,6
7503,6
7504,6
7505,6
7506,6
7507,6
7508,6
7509,6
7510,6
7511,6
7512,6
7513,6
7514,6
7515,6
7516,6
7517,6
7518,6
7519,6
7520,6
7521,6
7522,6
7523,6
7524,6
7525,6
7526,6
7527,6
7528,6
7529,6
7530,6
7531,6
7532,6
7533,6
7534,6
7535,6
7536,6
7537,6
7538,6
7539,6
7540,6
7541,6
7542,6
7543,6
7544,6
7545,6
7546,6
7547,6
7548,6
7549,6
7550,6
7551,6
7552,6
7553,6
7554,6
7555,6
7556,6
7557,6
7558,6
7559,6
7560,6
7561,6
7562,6
7563,6
7564,6
7565,6
7566,6
7567,6
7568,6
7569,6
7570,6
7571,6
7572,6
7573,6
7574,6
7575,6
7576,6
7577,6
7578,6
7579,6
7580,6
7581,6
7582,6
7583,6
7584,6
7585,6
7586,6
7587,6
7588,6
7589,6
7590,6
7591,6
7592,6
7593,6
7594,6
7595,6
7596,6
7597,6
7598,6
7599,6
7600,6
7601,6
7602,6
7603,6
7604,6
7605,6
7606,6
7607,6
7608,6
7609,6
7610,6
7611,6
7612,6
7613,6
7614,6
7615,6
7616,6
7617,6
7618,6
7619,6
7620,6
7621,6
7622,6
7623,6
7624,6
7625,6
7626,6
7627,6
7628,6
7629,6
7630,6
7631,6
7632,6
7633,6
7634,6
7635,6
7636,6
7637,6
7638,6
7639,6
7640,6
7641,6
7642,6
7643,6
7644,6
7645,6
7646,6
7647,6
7648,6
7649,6
7650,6
7651,6
7652,6
7653,6
7654,6
7655,6
7656,6
7657,6
7658,6
7659,6
7660,6
7661,6
7662,6
7663,6
7664,6
7665,6
7666,6
7667,6
7668,6
7669,6
7670,6
7671,6
7672,6
7673,6
7674,6
7675,6
7676,6
7677,6
7678,6
7679,6
7680,6
7681,6
7682,6
7683,6
7684,6
7685,6
7686,6
7687,6
7688,6
7689,6
7690,6
7691,6
7692,6
7693,6
7694,6
7695,6
7696,6
7697,6
7698,6
7699,6
7700,6
7701,6
7702,6
7703,6
7704,6
7705,6
7706,6
7707,6
7708,6
7709,6
7710,6
7711,6
7712,6
7713,6
7714,6
7715,6
7716,6
7717,6
7718,6
7719,6
7720,6
7721,6
7722,6
7723,6
7724,6
7725,6
7726,6
7727,6
7728,6
7729,6
7730,6
7731,6
7732,6
7733,6
7734,6
7735,6
7736,6
7737,6
7738,6
7739,6
7740,6
7741,6
7742,6
7743,6
7744,6
7745,6
7746,6
7747,6
7748,6
7749,6
7750,6
7751,6
7752,6
7753,6
7754,6
7755,6
7756,6
7757,6
7758,6
7759,6
7760,6
7761,6
7762,6
7763,6
7764,6
7765,6
7766,6
7767,6
7768,6
7769,6
7770,6
7771,6
7772,6
7773,6
7774,6
7775,6
7776,6
7777,6
7778,6
7779,6
7780,6
7781,6
7782,6
7783,6
7784,6
7785,6
7786,6
7787,6
7788,6
7789,6
7790,6
7791,6
7792,6
7793,6
7794,6
7795,6
7796,6
7797,6
7798,6
7799,6
7800,6
7801,6
7802,6
7803,6
7804,6
7805,6
7806,6
7807,6
7808,6
7809,6
7810,6
7811,6
7812,6
7813,6
7814,6
7815,6
7816,6
7817,6
7818,6
7819,6
7820,6
7821,6
7822,6
7823,6
7824,6
7825,6
7826,6
7827,6
7828,6
7829,6
7830,6
7831,6
7832,6
7833,6
7834,6
7835,6
7836,6
7837,6
7838,6
7839,6
7840,6
7841,6
7842,6
7843,6
7844,6
7845,6
7846,6
7847,6
7848,6
7849,6
7850,6
7851,6
7852,6
7853,6
7854,6
7855,6
7856,6
7857,6
7858,6
7859,6
7860,6
7861,6
7862,6
7863,6
7864,6
7865,6
7866,6
7867,6
7868,6
7869,6
7870,6
7871,6
7872,6
7873,6
7874,6
7875,6
7876,6
7877,6
7878,6
7879,6
7880,6
7881,6
7882,6
7883,6
7884,6
7885,6
7886,6
7887,6
7888,6
7889,6
7890,6
7891,6
7892,6
7893,6
7894,6
7895,6
7896,6
7897,6
7898,6
7899,6
7900,6
7901,6
7902,6
7903,6
7904,6
7905,6
7906,6
7907,6
7908,6
7909,6
7910,6
7911,6
7912,6
7913,6
7914,6
7915,6
7916,6
7917,6
7918,6
7919,6
7920,6
7921,6
7922,6
7923,6
7924,6
7925,6
7926,6
7927,6
7928,6
7929,6
7930,6
7931,6
7932,6
7933,6
7934,6
7935,6
7936,6
7937,6
7938,6
7939,6
7940,6
7941,6
7942,6
7943,6
7944,6
7945,6
7946,6
7947,6
7948,6
7949,6
7950,6
7951,6
7952,6
7953,6
7954,6
7955,6
7956,6
7957,6
7958,6
7959,6
7960,6
7961,6
7962,6
7963,6
7964,6
7965,6
7966,6
7967,6
7968,6
7969,6
7970,6
7971,6
7972,6
7973,6
7974,6
7975,6
7976,6
7977,6
7978,6
7979,6
7980,6
7981,6
7982,6
7983,6
7984,6
7985,6
7986,6
7987,6
7988,6
7989,6
7990,6
7991,6
7992,6
7993,6
7994,6
7995,6
7996,6
7997,6
7998,6
7999,6
8000,6
8001,6
8002,6
8003,6
8004,6
8005,6
8006,6
8007,6
8008,6
8009,6
8010,6
8011,6
8012,6
8013,6
8014,6
8015,6
8016,6
8017,6
8018,6
8019,6
8020,6
8021,6
8022,6
8023,6
8024,6
8025,6
8026,6
8027,6
8028,6
8029,6
8030,6
8031,6
8032,6
8033,6
8034,6
8035,6
8036,6
8037,6
8038,6
8039,6
8040,6
8041,6
8042,6
8043,6
8044,6
8045,6
8046,6
8047,6
8048,6
8049,6
8050,6
8051,6
8052,6
8053,6
8054,6
8055,6
8056,6
8057,6
8058,6
8059,6
8060,6
8061,6
8062,6
8063,6
8064,6
8065,6
8066,6
8067,6
8068,6
8069,6
8070,6
8071,6
8072,6
8073,6
8074,6
8075,6
8076,6
8077,6
8078,6
8079,6
8080,6
8081,6
8082,6
8083,6
8084,6
8085,6
8086,6
8087,6
8088,6
8089,6
8090,6
8091,6
8092,6
8093,6
8094,6
8095,6
8096,6
8097,6
8098,6
8099,6
8100,6
8101,6
8102,6
8103,6
8104,6
8105,6
8106,6
8107,6
8108,6
8109,6
8110,6
8111,6
8112,6
8113,6
8114,6
8115,6
8116,6
8117,6
8118,6
8119,6
8120,6
8121,6
8122,6
8123,6
8124,6
8125,6
8126,6
8127,6
8128,6
8129,6
8130,6
8131,6
8132,6
8133,6
8134,6
8135,6
8136,6
8137,6
8138,6
8139,6
8140,6
8141,6
8142,6
8143,6
8144,6
8145,6
8146,6
8147,6
8148,6
8149,6
8150,6
8151,6
8152,6
8153,6
8154,6
8155,6
8156,6
8157,6
8158,6
8159,6
8160,6
8161,6
8162,6
8163,6
8164,6
8165,6
8166,6
8167,6
8168,6
8169,6
8170,6
8171,6
8172,6
8173,6
8174,6
8175,6
8176,6
8177,6
8178,6
8179,6
8180,6
8181,6
8182,6
8183,6
8184,6
8185,6
8186,6
8187,6
8188,6
8189,6
8190,6
8191,6
8192,6
8193,6
8194,6
8195,6
8196,6
8197,6
8198,6
8199,6
8200,6
8201,6
8202,6
8203,6
8204,6
8205,6
8206,6
8207,6
8208,6
8209,6
8210,6
8211,6
8212,6
8213,6
8214,6
8215,6
8216,6
8217,6
8218,6
8219,6
8220,6
8221,6
8222,6
8223,6
8224,6
8225,6
8226,6
8227,6
8228,6
8229,6
8230,6
8231,6
8232,6
8233,6
8234,6
8235,6
8236,6
8237,6
8238,6
8239,6
8240,6
8241,6
8242,6
8243,6
8244,6
8245,6
8246,6
8247,6
8248,6
8249,6
8250,6
8251,6
8252,6
8253,6
8254,6
8255,6
8256,6
8257,6
8258,6
8259,6
8260,6
8261,6
8262,6
8263,6
8264,6
8265,6
8266,6
8267,6
8268,6
8269,6
8270,6
8271,6
8272,6
8273,6
8274,6
8275,6
8276,6
8277,6
8278,6
8279,6
8280,6
8281,6
8282,6
8283,6
8284,6
8285,6
8286,6
8287,6
8288,6
8289,6
8290,6
8291,6
8292,6
8293,6
8294,6
8295,6
8296,6
8297,6
8298,6
8299,6
8300,6
8301,6
8302,6
8303,6
8304,6
8305,6
8306,6
8307,6
8308,6
8309,6
8310,6
8311,6
8312,6
8313,6
8314,6
8315,6
8316,6
8317,6
8318,6
8319,6
8320,6
8321,6
8322,6
8323,6
8324,6
8325,6
8326,6
8327,6
8328,6
8329,6
8330,6
8331,6
8332,6
8333,6
8334,6
8335,6
8336,6
8337,6
8338,6
8339,6
8340,6
8341,6
8342,6
8343,6
8344,6
8345,6
8346,6
8347,6
8348,6
8349,6
8350,6
8351,6
8352,6
8353,6
8354,6
8355,6
8356,6
8357,6
8358,6
8359,6
8360,6
8361,6
8362,6
8363,6
8364,6
8365,6
8366,6
8367,6
8368,6
8369,6
8370,6
8371,6
8372,6
8373,6
8374,6
8375,6
8376,6
8377,6
8378,6
8379,6
8380,6
8381,6
8382,6
8383,6
8384,6
8385,6
8386,6
8387,6
8388,6
8389,6
8390,6
8391,6
8392,6
8393,6
8394,6
8395,6
8396,6
8397,6
8398,6
8399,6
8400,6
8401,6
8402,6
8403,6
8404,6
8405,6
8406,6
8407,6
8408,6
8409,6
8410,6
8411,6
8412,6
8413,6
8414,6
8415,6
8416,6
8417,6
8418,6
8419,6
8420,6
8421,6
8422,6
8423,6
8424,6
8425,6
8426,6
8427,6
8428,6
8429,6
8430,6
8431,6
8432,6
8433,6
8434,6
8435,6
8436,6
8437,6
8438,6
8439,6
8440,6
8441,6
8442,6
8443,6
8444,6
8445,6
8446,6
8447,6
8448,6
8449,6
8450,6
8451,6
8452,6
8453,6
8454,6
8455,6
8456,6
8457,6
8458,6
8459,6
8460,6
8461,6
8462,6
8463,6
8464,6
8465,6
8466,6
8467,6
8468,6
8469,6
8470,6
8471,6
8472,6
8473,6
8474,6
8475,6
8476,6
8477,6
8478,6
8479,6
8480,6
8481,6
8482,6
8483,6
8484,6
8485,6
8486,6
8487,6
8488,6
8489,6
8490,6
8491,6
8492,6
8493,6
8494,6
8495,6
8496,6
8497,6
8498,6
8499,6
8500,6
8501,6
8502,6
8503,6
8504,6
8505,6
8506,6
8507,6
8508,6
8509,6
8510,6
8511,6
8512,6
8513,6
8514,6
8515,6
8516,6
8517,6
8518,6
8519,6
8520,6
8521,6
8522,6
8523,6
8524,6
8525,6
8526,6
8527,6
8528,6
8529,6
8530,6
8531,6
8532,6
8533,6
8534,6
8535,6
8536,6
8537,6
8538,6
8539,6
8540,6
8541,6
8542,6
8543,6
8544,6
8545,6
8546,6
8547,6
8548,6
8549,6
8550,6
8551,6
8552,6
8553,6
8554,6
8555,6
8556,6
8557,6
8558,6
8559,6
8560,6
8561,6
8562,6
8563,6
8564,6
8565,6
8566,6
8567,6
8568,6
8569,6
8570,6
8571,6
8572,6
8573,6
8574,6
8575,6
8576,6
8577,6
8578,6
8579,6
8580,6
8581,6
8582,6
8583,6
8584,6
8585,6
8586,6
8587,6
8588,6
8589,6
8590,6
8591,6
8592,6
8593,6
8594,6
8595,6
8596,6
8597,6
8598,6
8599,6
8600,6
8601,6
8602,6
8603,6
8604,6
8605,6
8606,6
8607,6
8608,6
8609,6
8610,6
8611,6
8612,6
8613,6
8614,6
8615,6
8616,6
8617,6
8618,6
8619,6
8620,6
8621,6
8622,6
8623,6
8624,6
8625,6
8626,6
8627,6
8628,6
8629,6
8630,6
8631,6
8632,6
8633,6
8634,6
8635,6
8636,6
8637,6
8638,6
8639,6
8640,6
8641,6
8642,6
8643,6
8644,6
8645,6
8646,6
8647,6
8648,6
8649,6
8650,6
8651,6
8652,6
8653,6
8654,6
8655,6
8656,6
8657,6
8658,7
8659,7
8660,7
8661,7
8662,7
8663,7
8664,7
8665,7
8666,7
8667,7
8668,7
8669,7
8670,7
8671,7
8672,7
8673,7
8674,7
8675,7
8676,7
8677,7
8678,7
8679,7
8680,7
8681,7
8682,7
8683,7
8684,7
8685,7
8686,7
8687,7
8688,8
8689,8
8690,8
8691,8
8692,8
8693,8
8694,8
8695,8
8696,8
8697,8
8698,8
8699,8
8700,8
8701,8
8702,8
8703,8
8704,8
8705,8
8706,8
8707,8
8708,8
8709,8
8710,8
8711,8
8712,8
8713,8
8714,8
8715,8
8716,8
8717,8
8718,8
8719,8
8720,8
8721,8
8722,8
8723,8
8724,8
8725,8
8726,8
8727,8
8728,8
8729,8
8730,8
8731,8
8732,8
8733,8
8734,8
8735,8
8736,8
8737,8
8738,8
8739,8
8740,8
8741,8
8742,8
8743,8
8744,8
8745,8
8746,8
8747,8
8748,8
8749,8
8750,8
8751,8
8752,8
8753,8
8754,8
8755,8
8756,8
8757,8
8758,8
8759,8
8760,8
8761,8
8762,8
8763,8
8764,8
8765,8
8766,8
8767,8
8768,8
8769,8
8770,8
8771,8
8772,8
8773,8
8774,8
8775,8
8776,8
8777,8
8778,8
8779,8
8780,8
8781,8
8782,8
8783,8
8784,8
8785,8
8786,8
8787,8
8788,8
8789,8
8790,8
8791,8
8792,8
8793,8
8794,8
8795,8
8796,8
8797,8
8798,8
8799,8
8800,8
8801,8
8802,8
8803,8
8804,8
8805,8
8806,8
8807,8
8808,8
8809,8
8810,8
8811,8
8812,8
8813,8
8814,8
8815,8
8816,8
8817,8
8818,8
8819,8
8820,8
8821,8
8822,8
8823,8
8824,8
8825,8
8826,8
8827,8
8828,8
8829,8
8830,8
8831,8
8832,8
8833,8
8834,8
8835,8
8836,8
8837,8
8838,8
8839,8
8840,8
8841,8
8842,8
8843,8
8844,8
8845,8
8846,8
8847,8
8848,8
8849,8
8850,8
8851,8
8852,8
8853,8
8854,8
8855,8
8856,8
8857,8
8858,8
8859,8
8860,8
8861,8
8862,8
8863,8
8864,8
8865,8
8866,8
8867,8
8868,8
8869,8
8870,8
8871,8
8872,8
8873,8
8874,8
8875,8
8876,8
8877,8
8878,8
8879,8
8880,8
8881,8
8882,8
8883,8
8884,8
8885,8
8886,8
8887,8
8888,8
8889,8
8890,8
8891,8
8892,8
8893,8
8894,8
8895,8
8896,8
8897,8
8898,8
8899,8
8900,8
8901,8
8902,8
8903,8
8904,8
8905,8
8906,8
8907,8
8908,8
8909,8
8910,8
8911,8
8912,8
8913,8
8914,8
8915,8
8916,8
8917,8
8918,8
8919,8
8920,8
8921,8
8922,8
8923,8
8924,8
8925,8
8926,8
8927,8
8928,8
8929,8
8930,8
8931,8
8932,8
8933,8
8934,8
8935,8
8936,8
8937,8
8938,8
8939,8
8940,8
8941,8
8942,8
8943,8
8944,8
8945,8
8946,8
8947,8
8948,8
8949,8
8950,8
8951,8
8952,8
8953,8
8954,8
8955,8
8956,8
8957,8
8958,8
8959,8
8960,8
8961,8
8962,8
8963,8
8964,8
8965,8
8966,8
8967,8
8968,8
8969,8
8970,8
8971,8
8972,8
8973,8
8974,8
8975,8
8976,8
8977,8
8978,8
8979,8
8980,8
8981,8
8982,8
8983,8
8984,8
8985,8
8986,8
8987,8
8988,8
8989,8
8990,8
8991,8
8992,8
8993,8
8994,8
8995,8
8996,8
8997,8
8998,8
8999,8
9000,8
9001,8
9002,8
9003,8
9004,8
9005,8
9006,8
9007,8
9008,8
9009,8
9010,8
9011,8
9012,8
9013,8
9014,8
9015,8
9016,8
9017,8
9018,8
9019,8
9020,8
9021,8
9022,8
9023,8
9024,8
9025,8
9026,8
9027,8
9028,8
9029,8
9030,8
9031,8
9032,8
9033,8
9034,8
9035,8
9036,8
9037,8
9038,8
9039,8
9040,8
9041,8
9042,8
9043,8
9044,8
9045,8
9046,8
9047,8
9048,8
9049,8
9050,8
9051,8
9052,8
9053,8
9054,8
9055,8
9056,8
9057,8
9058,8
9059,8
9060,8
9061,8
9062,8
9063,8
9064,8
9065,8
9066,8
9067,8
9068,8
9069,8
9070,8
9071,8
9072,8
9073,8
9074,8
9075,8
9076,8
9077,8
9078,8
9079,8
9080,8
9081,8
9082,8
9083,8
9084,8
9085,8
9086,8
9087,8
9088,8
9089,8
9090,8
9091,8
9092,8
9093,8
9094,8
9095,8
9096,8
9097,8
9098,8
9099,8
9100,8
9101,8
9102,8
9103,8
9104,8
9105,8
9106,8
9107,8
9108,8
9109,8
9110,8
9111,8
9112,8
9113,8
9114,8
9115,8
9116,8
9117,8
9118,8
9119,8
9120,8
9121,8
9122,8
9123,8
9124,8
9125,8
9126,8
9127,8
9128,8
9129,8
9130,8
9131,8
9132,8
9133,8
9134,8
9135,8
9136,8
9137,8
9138,8
9139,8
9140,8
9141,8
9142,8
9143,8
9144,8
9145,8
9146,8
9147,8
9148,8
9149,8
9150,8
9151,8
9152,8
9153,8
9154,8
9155,8
9156,8
9157,8
9158,8
9159,8
9160,8
9161,8
9162,8
9163,8
9164,8
9165,8
9166,8
9167,8
9168,8
9169,8
9170,8
9171,8
9172,8
9173,8
9174,8
9175,8
9176,8
9177,8
9178,8
9179,8
9180,8
9181,8
9182,8
9183,8
9184,8
9185,8
9186,8
9187,8
9188,8
9189,8
9190,8
9191,8
9192,8
9193,8
9194,8
9195,8
9196,8
9197,8
9198,8
9199,8
9200,8
9201,8
9202,8
9203,8
9204,8
9205,8
9206,8
9207,8
9208,8
9209,8
9210,8
9211,8
9212,8
9213,8
9214,8
9215,8
9216,8
9217,8
9218,8
9219,8
9220,8
9221,8
9222,8
9223,8
9224,8
9225,8
9226,8
9227,8
9228,8
9229,8
9230,8
9231,8
9232,8
9233,8
9234,8
9235,8
9236,8
9237,8
9238,8
9239,8
9240,8
9241,8
9242,8
9243,8
9244,8
9245,8
9246,8
9247,8
9248,8
9249,8
9250,8
9251,8
9252,8
9253,8
9254,8
9255,8
9256,8
9257,8
9258,8
9259,8
9260,8
9261,8
9262,8
9263,8
9264,8
9265,8
9266,8
9267,8
9268,8
9269,8
9270,8
9271,8
9272,8
9273,8
9274,8
9275,8
9276,8
9277,8
9278,8
9279,8
9280,8
9281,8
9282,8
9283,8
9284,8
9285,8
9286,8
9287,8
9288,8
9289,8
9290,8
9291,8
9292,8
9293,8
9294,8
9295,8
9296,8
9297,8
9298,8
9299,8
9300,8
9301,8
9302,8
9303,8
9304,8
9305,8
9306,8
9307,8
9308,8
9309,8
9310,8
9311,8
9312,8
9313,8
9314,8
9315,8
9316,8
9317,8
9318,8
9319,8
9320,8
9321,8
9322,8
9323,8
9324,8
9325,8
9326,8
9327,8
9328,8
9329,8
9330,8
9331,8
9332,8
9333,8
9334,8
9335,8
9336,8
9337,8
9338,8
9339,8
9340,8
9341,8
9342,8
9343,8
9344,8
9345,8
9346,8
9347,8
9348,8
9349,8
9350,8
9351,8
9352,8
9353,8
9354,8
9355,8
9356,8
9357,8
9358,8
9359,8
9360,8
9361,8
9362,8
9363,8
9364,8
9365,8
9366,8
9367,8
9368,8
9369,8
9370,8
9371,8
9372,8
9373,8
9374,8
9375,8
9376,8
9377,8
9378,8
9379,8
9380,8
9381,8
9382,8
9383,8
9384,8
9385,8
9386,8
9387,8
9388,8
9389,8
9390,8
9391,8
9392,8
9393,8
9394,8
9395,8
9396,8
9397,8
9398,8
9399,8
9400,8
9401,8
9402,8
9403,8
9404,8
9405,8
9406,8
9407,8
9408,8
9409,8
9410,8
9411,8
9412,8
9413,8
9414,8
9415,8
9416,8
9417,8
9418,8
9419,8
9420,8
9421,8
9422,8
9423,8
9424,8
9425,8
9426,8
9427,8
9428,8
9429,8
9430,8
9431,8
9432,8
9433,8
9434,8
9435,8
9436,8
9437,8
9438,8
9439,8
9440,8
9441,8
9442,8
9443,8
9444,8
9445,8
9446,8
9447,8
9448,8
9449,8
9450,8
9451,8
9452,8
9453,8
9454,8
9455,8
9456,8
9457,8
9458,8
9459,8
9460,8
9461,8
9462,8
9463,8
9464,8
9465,8
9466,8
9467,8
9468,8
9469,8
9470,8
9471,8
9472,8
9473,8
9474,8
9475,8
9476,8
9477,8
9478,8
9479,8
9480,8
9481,8
9482,8
9483,8
9484,8
9485,8
9486,8
9487,8
9488,8
9489,8
9490,8
9491,8
9492,8
9493,8
9494,8
9495,8
9496,8
9497,8
9498,8
9499,8
9500,8
9501,8
9502,8
9503,8
9504,8
9505,8
9506,8
9507,8
9508,8
9509,8
9510,8
9511,8
9512,8
9513,8
9514,8
9515,8
9516,8
9517,8
9518,8
9519,8
9520,8
9521,8
9522,8
9523,8
9524,8
9525,8
9526,8
9527,8
9528,8
9529,8
9530,8
9531,8
9532,8
9533,8
9534,8
9535,8
9536,8
9537,8
9538,8
9539,8
9540,8
9541,8
9542,8
9543,8
9544,8
9545,8
9546,8
9547,8
9548,8
9549,8
9550,8
9551,8
9552,8
9553,8
9554,8
9555,8
9556,8
9557,8
9558,8
9559,8
9560,8
9561,8
9562,8
9563,8
9564,8
9565,8
9566,8
9567,8
9568,8
9569,8
9570,8
9571,8
9572,8
9573,8
9574,8
9575,8
9576,8
9577,8
9578,8
9579,8
9580,8
9581,8
9582,8
9583,8
9584,8
9585,8
9586,8
9587,8
9588,8
9589,8
9590,8
9591,8
9592,8
9593,8
9594,8
9595,8
9596,8
9597,8
9598,8
9599,8
9600,8
9601,8
9602,8
9603,8
9604,8
9605,8
9606,8
9607,8
9608,8
9609,8
9610,8
9611,8
9612,8
9613,8
9614,8
9615,8
9616,8
9617,8
9618,8
9619,8
9620,8
9621,8
9622,8
9623,8
9624,8
9625,8
9626,8
9627,8
9628,8
9629,8
9630,8
9631,8
9632,8
9633,8
9634,8
9635,8
9636,8
9637,8
9638,8
9639,8
9640,8
9641,8
9642,8
9643,8
9644,8
9645,8
9646,8
9647,8
9648,8
9649,8
9650,8
9651,8
9652,8
9653,8
9654,8
9655,8
9656,8
9657,8
9658,8
9659,8
9660,8
9661,8
9662,8
9663,8
9664,8
9665,8
9666,8
9667,8
9668,8
9669,8
9670,8
9671,8
9672,8
9673,8
9674,8
9675,8
9676,8
9677,8
9678,8
9679,8
9680,8
9681,8
9682,8
9683,8
9684,8
9685,8
9686,8
9687,8
9688,8
9689,8
9690,8
9691,8
9692,8
9693,8
9694,8
9695,8
9696,8
9697,8
9698,8
9699,8
9700,8
9701,8
9702,8
9703,8
9704,8
9705,8
9706,8
9707,8
9708,8
9709,8
9710,8
9711,8
9712,8
9713,8
9714,8
9715,8
9716,8
9717,8
9718,8
9719,8
9720,8
9721,8
9722,8
9723,8
9724,8
9725,8
9726,8
9727,8
9728,8
9729,8
9730,8
9731,8
9732,8
9733,8
9734,8
9735,8
9736,8
9737,8
9738,8
9739,8
9740,8
9741,8
9742,8
9743,8
9744,8
9745,8
9746,8
9747,8
9748,8
9749,8
9750,8
9751,8
9752,8
9753,8
9754,8
9755,8
9756,8
9757,8
9758,8
9759,8
9760,8
9761,8
9762,8
9763,8
9764,8
9765,8
9766,8
9767,8
9768,8
9769,8
9770,8
9771,8
9772,8
9773,8
9774,8
9775,8
9776,8
9777,8
9778,8
9779,8
9780,8
9781,8
9782,8
9783,8
9784,8
9785,8
9786,8
9787,8
9788,8
9789,8
9790,8
9791,8
9792,8
9793,8
9794,8
9795,8
9796,8
9797,8
9798,8
9799,8
9800,8
9801,8
9802,8
9803,8
9804,8
9805,8
9806,8
9807,8
9808,8
9809,8
9810,8
9811,8
9812,8
9813,8
9814,8
9815,8
9816,8
9817,8
9818,8
9819,8
9820,8
9821,8
9822,8
9823,8
9824,8
9825,8
9826,8
9827,8
9828,8
9829,8
9830,8
9831,8
9832,8
9833,8
9834,8
9835,8
9836,8
9837,8
9838,8
9839,8
9840,8
9841,8
9842,8
9843,8
9844,8
9845,8
9846,8
9847,8
9848,8
9849,8
9850,8
9851,8
9852,8
9853,8
9854,8
9855,8
9856,8
9857,8
9858,8
9859,8
9860,8
9861,8
9862,8
9863,8
9864,8
9865,8
9866,8
9867,8
9868,8
9869,8
9870,8
9871,8
9872,8
9873,8
9874,8
9875,8
9876,8
9877,8
9878,8
9879,8
9880,8
9881,8
9882,8
9883,8
9884,8
9885,8
9886,8
9887,8
9888,8
9889,8
9890,8
9891,8
9892,8
9893,8
9894,8
9895,8
9896,8
9897,8
9898,8
9899,8
9900,8
9901,8
9902,8
9903,8
9904,8
9905,8
9906,8
9907,8
9908,8
9909,8
9910,8
9911,8
9912,8
9913,8
9914,8
9915,8
9916,8
9917,8
9918,8
9919,8
9920,8
9921,8
9922,8
9923,8
9924,8
9925,8
9926,8
9927,8
9928,8
9929,8
9930,8
9931,8
9932,8
9933,8
9934,8
9935,8
9936,8
9937,8
9938,8
9939,8
9940,8
9941,8
9942,8
9943,8
9944,8
9945,8
9946,8
9947,8
9948,8
9949,8
9950,8
9951,8
9952,8
9953,8
9954,8
9955,8
9956,8
9957,8
9958,8
9959,8
9960,8
9961,8
9962,8
9963,8
9964,8
9965,8
9966,8
9967,8
9968,8
9969,8
9970,8
9971,8
9972,8
9973,8
9974,8
9975,8
9976,8
9977,8
9978,8
9979,8
9980,8
9981,8
9982,8
9983,8
9984,8
9985,8
9986,8
9987,8
9988,8
9989,8
9990,8
9991,8
9992,8
9993,8
9994,8
9995,8
9996,8
9997,8
9998,8
9999,8
10000,8
10001,8
10002,8
10003,8
10004,8
10005,8
10006,8
10007,8
10008,8
10009,8
10010,8
10011,8
10012,8
10013,8
10014,8
10015,8
10016,8
10017,8
10018,8
10019,8
10020,8
10021,8
10022,8
10023,8
10024,8
10025,8
10026,8
10027,8
10028,8
10029,8
10030,8
10031,8
10032,8
10033,8
10034,8
10035,8
10036,8
10037,8
10038,8
10039,8
10040,8
10041,8
10042,8
10043,8
10044,8
10045,8
10046,8
10047,8
10048,8
10049,8
10050,8
10051,8
10052,8
10053,8
10054,8
10055,8
10056,8
10057,8
10058,8
10059,8
10060,8
10061,8
10062,8
10063,8
10064,8
10065,8
10066,8
10067,8
10068,8
10069,8
10070,8
10071,8
10072,8
10073,8
10074,8
10075,8
10076,8
10077,8
10078,8
10079,8
10080,8
10081,8
10082,8
10083,8
10084,8
10085,8
10086,8
10087,8
10088,8
10089,8
10090,8
10091,8
10092,8
10093,8
10094,8
10095,8
10096,8
10097,8
10098,8
10099,8
10100,8
10101,8
10102,8
10103,8
10104,8
10105,8
10106,8
10107,8
10108,8
10109,8
10110,8
10111,8
10112,8
10113,8
10114,8
10115,8
10116,8
10117,8
10118,8
10119,8
10120,8
10121,8
10122,8
10123,8
10124,8
10125,8
10126,8
10127,8
10128,8
10129,8
10130,8
10131,8
10132,8
10133,8
10134,8
10135,8
10136,8
10137,8
10138,8
10139,8
10140,8
10141,8
10142,8
10143,8
10144,8
10145,8
10146,8
10147,8
10148,8
10149,8
10150,8
10151,8
10152,8
10153,8
10154,8
10155,8
10156,8
10157,8
10158,8
10159,8
10160,8
10161,8
10162,8
10163,8
10164,8
10165,8
10166,8
10167,8
10168,8
10169,8
10170,8
10171,8
10172,8
10173,9
10174,9
10175,9
10176,9
10177,9
10178,9
10179,9
10180,9
10181,9
10182,9
10183,9
10184,9
10185,9
10186,9
10187,9
10188,9
10189,9
10190,9
10191,9
10192,9
10193,9
10194,9
10195,9
10196,9
10197,9
10198,9
10199,9
10200,9
10201,9
10202,9
10203,9
10204,9
10205,9
10206,9
10207,9
10208,9
10209,9
10210,9
10211,9
10212,9
10213,9
10214,9
10215,9
10216,9
10217,9
10218,9
10219,9
10220,9
10221,9
10222,9
10223,9
10224,9
10225,9
10226,9
10227,9
10228,9
10229,9
10230,9
10231,9
10232,9
10233,9
10234,9
10235,9
10236,9
10237,9
10238,9
10239,9
10240,9
10241,9
10242,9
10243,9
10244,9
10245,9
10246,9
10247,9
10248,9
10249,9
10250,9
10251,9
10252,9
10253,9
10254,9
10255,9
10256,9
10257,9
10258,9
10259,9
10260,9
10261,9
10262,9
10263,9
10264,9
10265,9
10266,9
10267,9
10268,9
10269,9
10270,9
10271,9
10272,9
10273,9
10274,9
10275,9
10276,9
10277,9
10278,9
10279,9
10280,9
10281,9
10282,9
10283,9
10284,9
10285,9
10286,9
10287,9
10288,9
10289,9
10290,9
10291,9
10292,9
10293,9
10294,9
10295,9
10296,9
10297,9
10298,9
10299,9
10300,9
10301,9
10302,9
10303,9
10304,9
10305,9
10306,9
10307,9
10308,9
10309,9
10310,9
10311,9
10312,9
10313,9
10314,9
10315,9
10316,9
10317,9
10318,9
10319,9
10320,9
10321,9
10322,9
10323,9
10324,9
10325,9
10326,9
10327,9
10328,9
10329,9
10330,9
10331,9
10332,9
10333,9
10334,9
10335,9
10336,9
10337,9
10338,9
10339,9
10340,9
10341,9
10342,9
10343,9
10344,9
10345,9
10346,9
10347,9
10348,9
10349,9
10350,9
10351,9
10352,9
10353,9
10354,9
10355,9
10356,9
10357,9
10358,9
10359,9
10360,9
10361,9
10362,9
10363,9
10364,9
10365,9
10366,9
10367,9
10368,9
10369,9
10370,9
10371,9
10372,9
10373,9
10374,9
10375,9
10376,9
10377,9
10378,9
10379,9
10380,9
10381,9
10382,9
10383,9
10384,9
10385,9
10386,9
10387,9
10388,9
10389,9
10390,9
10391,9
10392,9
10393,9
10394,9
10395,9
10396,9
10397,9
10398,9
10399,9
10400,9
10401,9
10402,9
10403,9
10404,9
10405,9
10406,9
10407,9
10408,9
10409,9
10410,9
10411,9
10412,9
10413,9
10414,9
10415,9
10416,9
10417,9
10418,9
10419,9
10420,9
10421,9
10422,9
10423,9
10424,9
10425,9
10426,9
10427,9
10428,9
10429,9
10430,9
10431,9
10432,9
10433,9
10434,9
10435,9
10436,9
10437,9
10438,9
10439,9
10440,9
10441,9
10442,9
10443,9
10444,9
10445,9
10446,9
10447,9
10448,9
10449,9
10450,9
10451,9
10452,9
10453,9
10454,9
10455,9
10456,9
10457,9
10458,9
10459,9
10460,9
10461,9
10462,9
10463,9
10464,9
10465,9
10466,9
10467,9
10468,9
10469,9
10470,9
10471,9
10472,9
10473,9
10474,9
10475,9
10476,9
10477,9
10478,9
10479,9
10480,9
10481,9
10482,9
10483,9
10484,9
10485,9
10486,9
10487,9
10488,9
10489,9
10490,9
10491,9
10492,9
10493,9
10494,9
10495,9
10496,9
10497,9
10498,9
10499,9
10500,9
10501,9
10502,9
10503,9
10504,9
10505,9
10506,9
10507,9
10508,9
10509,9
10510,9
10511,9
10512,9
10513,9
10514,9
10515,9
10516,9
10517,9
10518,9
10519,9
10520,9
10521,9
10522,9
10523,9
10524,9
10525,9
10526,9
10527,9
10528,9
10529,9
10530,9
10531,9
10532,9
10533,9
10534,9
10535,9
10536,9
10537,9
10538,9
10539,9
10540,9
10541,9
10542,9
10543,9
10544,9
10545,9
10546,9
10547,9
10548,9
10549,9
10550,9
10551,9
10552,9
10553,9
10554,9
10555,9
10556,9
10557,9
10558,9
10559,9
10560,9
10561,9
10562,9
10563,9
10564,9
10565,9
10566,9
10567,9
10568,9
10569,9
10570,9
10571,9
10572,9
10573,9
10574,9
10575,9
10576,9
10577,9
10578,9
10579,9
10580,9
10581,9
10582,9
10583,9
10584,9
10585,9
10586,9
10587,9
10588,9
10589,9
10590,9
10591,9
10592,9
10593,9
10594,9
10595,9
10596,9
10597,9
10598,9
10599,9
10600,9
10601,9
10602,9
10603,9
10604,9
10605,9
10606,9
10607,9
10608,9
10609,9
10610,9
10611,9
10612,9
10613,9
10614,9
10615,9
10616,9
10617,9
10618,9
10619,9
10620,9
10621,9
10622,9
10623,9
10624,9
10625,9
10626,9
10627,9
10628,9
10629,9
10630,9
10631,9
10632,9
10633,9
10634,9
10635,9
10636,9
10637,9
10638,9
10639,9
10640,9
10641,9
10642,9
10643,9
10644,9
10645,9
10646,9
10647,9
10648,9
10649,9
10650,9
10651,9
10652,9
10653,9
10654,9
10655,9
10656,9
10657,9
10658,9
10659,9
10660,9
10661,9
10662,9
10663,9
10664,9
10665,9
10666,9
10667,9
10668,9
10669,9
10670,9
10671,9
10672,9
10673,9
10674,9
10675,9
10676,9
10677,9
10678,9
10679,9
10680,9
10681,9
10682,9
10683,9
10684,9
10685,9
10686,9
10687,9
10688,9
10689,9
10690,9
10691,9
10692,9
10693,9
10694,9
10695,9
10696,9
10697,9
10698,9
10699,9
10700,9
10701,9
10702,9
10703,9
10704,9
10705,9
10706,9
10707,9
10708,9
10709,9
10710,9
10711,9
10712,9
10713,9
10714,9
10715,9
10716,9
10717,9
10718,9
10719,9
10720,9
10721,9
10722,9
10723,9
10724,9
10725,9
10726,9
10727,9
10728,9
10729,9
10730,9
10731,9
10732,9
10733,9
10734,9
10735,9
10736,9
10737,9
10738,9
10739,9
10740,9
10741,9
10742,9
10743,9
10744,9
10745,9
10746,9
10747,9
10748,9
10749,9
10750,9
10751,9
10752,9
10753,9
10754,9
10755,9
10756,9
10757,9
10758,9
10759,9
10760,9
10761,9
10762,9
10763,9
10764,9
10765,9
10766,9
10767,9
10768,9
10769,9
10770,9
10771,9
10772,9
10773,9
10774,9
10775,9
10776,9
10777,9
10778,9
10779,9
10780,9
10781,9
10782,9
10783,9
10784,9
10785,9
10786,9
10787,9
10788,9
10789,9
10790,9
10791,9
10792,9
10793,9
10794,9
10795,9
10796,9
10797,9
10798,9
10799,9
10800,9
10801,9
10802,9
10803,9
10804,9
10805,9
10806,9
10807,9
10808,9
10809,9
10810,9
10811,9
10812,9
10813,9
10814,9
10815,9
10816,9
10817,9
10818,9
10819,9
10820,9
10821,9
10822,9
10823,9
10824,9
10825,9
10826,9
10827,9
10828,9
10829,9
10830,9
10831,9
10832,9
10833,9
10834,9
10835,9
10836,9
10837,9
10838,9
10839,9
10840,9
10841,9
10842,9
10843,9
10844,9
10845,9
10846,9
10847,9
10848,9
10849,9
10850,9
10851,9
10852,9
10853,9
10854,9
10855,9
10856,9
10857,9
10858,9
10859,9
10860,9
10861,9
10862,9
10863,9
10864,9
10865,9
10866,9
10867,9
10868,9
10869,9
10870,9
10871,9
10872,9
10873,9
10874,9
10875,9
10876,9
10877,9
10878,9
10879,9
10880,9
10881,9
10882,9
10883,9
10884,9
10885,9
10886,9
10887,9
10888,9
10889,9
10890,9
10891,9
10892,9
10893,9
10894,9
10895,9
10896,9
10897,9
10898,9
10899,9
10900,9
10901,9
10902,9
10903,9
10904,9
10905,9
10906,9
10907,9
10908,9
10909,9
10910,9
10911,9
10912,9
10913,9
10914,9
10915,9
10916,9
10917,9
10918,9
10919,9
10920,9
10921,9
10922,9
10923,9
10924,9
10925,9
10926,9
10927,9
10928,9
10929,9
10930,9
10931,9
10932,9
10933,9
10934,9
10935,9
10936,9
10937,9
10938,9
10939,9
10940,9
10941,9
10942,9
10943,9
10944,9
10945,9
10946,9
10947,9
10948,9
10949,9
10950,9
10951,9
10952,9
10953,9
10954,9
10955,9
10956,9
10957,9
10958,9
10959,9
10960,9
10961,9
10962,9
10963,9
10964,9
10965,9
10966,9
10967,9
10968,9
10969,9
10970,9
10971,9
10972,9
10973,9
10974,9
10975,9
10976,9
10977,9
10978,9
10979,9
10980,9
10981,9
10982,9
10983,9
10984,9
10985,9
10986,9
10987,9
10988,9
10989,9
10990,9
10991,9
10992,9
10993,9
10994,9
10995,9
10996,9
10997,9
10998,9
10999,9
11000,9
11001,9
11002,9
11003,9
11004,9
11005,9
11006,9
11007,9
11008,9
11009,9
11010,9
11011,9
11012,9
11013,9
11014,9
11015,9
11016,9
11017,9
11018,9
11019,9
11020,9
11021,9
11022,9
11023,9
11024,9
11025,9
11026,9
11027,9
11028,9
11029,9
11030,9
11031,9
11032,9
11033,9
11034,9
11035,9
11036,9
11037,9
11038,9
11039,9
11040,9
11041,9
11042,9
11043,9
11044,9
11045,9
11046,9
11047,9
11048,9
11049,9
11050,9
11051,9
11052,9
11053,9
11054,9
11055,9
11056,9
11057,9
11058,9
11059,9
11060,9
11061,9
11062,9
11063,9
11064,9
11065,9
11066,9
11067,9
11068,9
11069,9
11070,9
11071,9
11072,9
11073,9
11074,9
11075,9
11076,9
11077,9
11078,9
11079,9
11080,9
11081,9
11082,9
11083,9
11084,9
11085,9
11086,9
11087,9
11088,9
11089,9
11090,9
11091,9
11092,9
11093,9
11094,9
11095,9
11096,9
11097,9
11098,9
11099,9
11100,9
11101,9
11102,9
11103,9
11104,9
11105,9
11106,9
11107,9
11108,9
11109,9
11110,9
11111,9
11112,9
11113,9
11114,9
11115,9
11116,9
11117,9
11118,9
11119,9
11120,9
11121,9
11122,9
11123,9
11124,9
11125,9
11126,9
11127,9
11128,9
11129,9
11130,9
11131,9
11132,9
11133,9
11134,9
11135,9
11136,9
11137,9
11138,9
11139,9
11140,9
11141,9
11142,9
11143,9
11144,9
11145,9
11146,9
11147,9
11148,9
11149,9
11150,9
11151,9
11152,9
11153,9
11154,9
11155,9
11156,9
11157,9
11158,9
11159,9
11160,9
11161,9
11162,9
11163,9
11164,9
11165,9
11166,9
11167,9
11168,9
11169,9
11170,9
11171,9
11172,9
11173,9
11174,9
11175,9
11176,9
11177,9
11178,9
11179,9
11180,9
11181,9
11182,9
11183,9
11184,9
11185,9
11186,9
11187,9
11188,9
11189,9
11190,9
11191,9
11192,9
11193,9
11194,9
11195,9
11196,9
11197,9
11198,9
11199,9
11200,9
11201,9
11202,9
11203,9
11204,9
11205,9
11206,9
11207,9
11208,9
11209,9
11210,9
11211,9
11212,9
11213,9
11214,9
11215,9
11216,9
11217,9
11218,9
11219,9
11220,9
11221,9
11222,9
11223,9
11224,9
11225,9
11226,9
11227,9
11228,9
11229,9
11230,9
11231,9
11232,9
11233,9
11234,9
11235,9
11236,9
11237,9
11238,9
11239,9
11240,9
11241,9
11242,9
11243,9
11244,9
11245,9
11246,9
11247,9
11248,9
11249,9
11250,9
11251,9
11252,9
11253,9
11254,9
11255,9
11256,9
11257,9
11258,9
11259,9
11260,9
11261,9
11262,9
11263,9
11264,9
11265,9
11266,9
11267,9
11268,9
11269,9
11270,9
11271,9
11272,9
11273,9
11274,9
11275,9
11276,9
11277,9
11278,9
11279,9
11280,9
11281,9
11282,9
11283,9
11284,9
11285,9
11286,9
11287,9
11288,9
11289,9
11290,9
11291,9
11292,9
11293,9
11294,9
11295,9
11296,9
11297,9
11298,9
11299,9
11300,9
11301,9
11302,9
11303,9
11304,9
11305,9
11306,9
11307,9
11308,9
11309,9
11310,9
11311,9
11312,9
11313,9
11314,9
11315,9
11316,9
11317,9
11318,9
11319,9
11320,9
11321,9
11322,9
11323,9
11324,9
11325,9
11326,9
11327,9
11328,9
11329,9
11330,9
11331,9
11332,9
11333,9
11334,9
11335,9
11336,9
11337,9
11338,9
11339,9
11340,9
11341,9
11342,9
11343,9
11344,9
11345,9
11346,9
11347,9
11348,9
11349,9
11350,9
11351,9
11352,9
11353,9
11354,9
11355,9
11356,9
11357,9
11358,9
11359,9
11360,9
11361,9
11362,9
11363,9
11364,9
11365,9
11366,9
11367,9
11368,9
11369,9
11370,9
11371,9
11372,9
11373,9
11374,9
11375,9
11376,9
11377,9
11378,9
11379,9
11380,9
11381,9
11382,9
11383,9
11384,9
11385,9
11386,9
11387,9
11388,9
11389,9
11390,9
11391,9
11392,9
11393,9
11394,9
11395,9
11396,9
11397,9
11398,9
11399,9
11400,9
11401,9
11402,9
11403,9
11404,9
11405,9
11406,9
11407,9
11408,9
11409,9
11410,9
11411,9
11412,9
11413,9
11414,9
11415,9
11416,9
11417,9
11418,9
11419,9
11420,9
11421,9
11422,9
11423,9
11424,9
11425,9
11426,9
11427,9
11428,9
11429,9
11430,9
11431,9
11432,9
11433,9
11434,9
11435,9
11436,9
11437,9
11438,9
11439,9
11440,9
11441,9
11442,9
11443,9
11444,9
11445,9
11446,9
11447,9
11448,9
11449,9
11450,9
11451,9
11452,9
11453,9
11454,9
11455,9
11456,9
11457,9
11458,9
11459,9
11460,9
11461,9
11462,9
11463,9
11464,9
11465,9
11466,9
11467,9
11468,9
11469,9
11470,9
11471,9
11472,9
11473,9
11474,9
11475,9
11476,9
11477,9
11478,9
11479,9
11480,9
11481,9
11482,9
11483,9
11484,9
11485,9
11486,9
11487,9
11488,9
11489,9
11490,9
11491,9
11492,9
11493,9
11494,9
11495,9
11496,9
11497,9
11498,9
11499,9
11500,9
11501,9
11502,9
11503,9
11504,9
11505,9
11506,9
11507,9
11508,9
11509,9
11510,9
11511,9
11512,9
11513,9
11514,9
11515,9
11516,9
11517,9
11518,9
11519,9
11520,9
11521,9
11522,9
11523,9
11524,9
11525,9
11526,9
11527,9
11528,9
11529,9
11530,9
11531,9
11532,9
11533,9
11534,9
11535,9
11536,9
11537,9
11538,9
11539,9
11540,9
11541,9
11542,9
11543,9
11544,9
11545,9
11546,9
11547,9
11548,9
11549,9
11550,9
11551,9
11552,9
11553,9
11554,9
11555,9
11556,9
11557,9
11558,9
11559,9
11560,9
11561,9
11562,9
11563,9
11564,9
11565,9
11566,9
11567,9
11568,9
11569,9
11570,9
11571,9
11572,9
11573,9
11574,9
11575,9
11576,9
11577,9
11578,9
11579,9
11580,9
11581,9
11582,9
11583,9
11584,9
11585,9
11586,9
11587,9
11588,9
11589,9
11590,9
11591,9
11592,9
11593,9
11594,9
11595,9
11596,9
11597,9
11598,9
11599,9
11600,9
11601,9
11602,9
11603,9
11604,9
11605,9
11606,9
11607,9
11608,9
11609,9
11610,9
11611,9
11612,9
11613,9
11614,9
11615,9
11616,9
11617,9
11618,9
11619,9
11620,9
11621,9
11622,9
11623,9
11624,9
11625,9
11626,9
11627,9
11628,9
11629,9
11630,9
11631,9
11632,9
11633,9
11634,9
11635,9
11636,9
11637,9
11638,9
11639,9
11640,9
11641,9
11642,9
11643,9
11644,9
11645,9
11646,9
11647,9
11648,9
11649,9
11650,9
11651,9
11652,9
11653,9
11654,9
11655,9
11656,9
11657,9
11658,9
11659,9
11660,9
11661,9
11662,9
11663,9
11664,9
11665,9
11666,9
11667,9
11668,9
11669,9
11670,9
11671,9
11672,9
11673,9
11674,9
11675,9
11676,9
11677,9
11678,9
11679,9
11680,9
11681,9
11682,9
11683,9
11684,9
11685,9
11686,9
11687,9
11688,9
11689,9
11690,9
11691,9
11692,9
11693,9
11694,9
11695,9
11696,9
11697,9
11698,9
11699,9
11700,9
11701,9
11702,9
11703,9
11704,9
11705,9
11706,9
11707,9
11708,9
11709,9
11710,9
11711,9
11712,9
11713,9
11714,9
11715,9
11716,9
11717,9
11718,9
11719,9
11720,9
11721,9
11722,9
11723,9
11724,9
11725,9
11726,9
11727,9
11728,9
11729,9
11730,9
11731,9
11732,9
11733,9
11734,9
11735,9
11736,9
11737,9
11738,9
11739,9
11740,9
11741,9
11742,9
11743,9
11744,9
11745,9
11746,9
11747,9
11748,9
11749,9
11750,9
11751,9
11752,9
11753,9
11754,9
11755,9
11756,9
11757,9
11758,9
11759,9
11760,9
11761,9
11762,9
11763,9
11764,9
11765,9
11766,9
11767,9
11768,9
11769,9
11770,9
11771,9
11772,9
11773,9
11774,9
11775,9
11776,9
11777,9
11778,9
11779,9
11780,9
11781,9
11782,9
11783,9
11784,9
11785,9
11786,9
11787,9
11788,9
11789,9
11790,9
11791,9
11792,9
11793,9
11794,9
11795,9
11796,9
11797,9
11798,9
11799,9
11800,9
11801,9
11802,9
11803,9
11804,9
11805,9
11806,9
11807,9
11808,9
11809,9
11810,9
11811,9
11812,9
11813,9
11814,9
11815,9
11816,9
11817,9
11818,9
11819,9
11820,9
11821,9
11822,9
11823,9
11824,9
11825,9
11826,9
11827,9
11828,9
11829,9
11830,9
11831,9
11832,9
11833,9
11834,9
11835,9
11836,9
11837,9
11838,9
11839,9
11840,9
11841,9
11842,9
11843,9
11844,9
11845,9
11846,9
11847,9
11848,9
11849,9
11850,9
11851,9
11852,9
11853,9
11854,9
11855,9
11856,9
11857,9
11858,9
11859,9
11860,9
11861,9
11862,9
11863,9
11864,9
11865,9
11866,9
11867,9
11868,9
11869,9
11870,9
11871,9
11872,9
11873,9
11874,9
11875,9
11876,9
11877,9
11878,9
11879,9
11880,9
11881,9
11882,9
11883,9
11884,9
11885,9
11886,9
11887,9
11888,9
11889,9
11890,9
11891,9
11892,9
11893,9
11894,9
11895,9
11896,9
11897,9
11898,9
11899,9
11900,9
11901,9
11902,9
11903,9
11904,9
11905,9
11906,9
11907,9
11908,9
11909,9
11910,9
11911,9
11912,9
11913,9
11914,9
11915,9
11916,9
11917,9
11918,9
11919,9
11920,9
11921,9
11922,9
11923,9
11924,9
11925,9
11926,9
11927,9
11928,9
11929,9
11930,9
11931,9
11932,9
11933,9
11934,9
11935,9
11936,9
11937,9
11938,9
11939,9
11940,9
11941,9
11942,9
11943,9
11944,9
11945,9
11946,9
11947,9
11948,9
11949,9
11950,9
11951,9
11952,9
11953,9
11954,9
11955,9
11956,9
11957,9
11958,9
11959,9
11960,9
11961,9
11962,9
11963,9
11964,9
11965,9
11966,9
11967,9
11968,9
11969,9
11970,9
11971,9
11972,9
11973,9
11974,9
11975,9
11976,9
11977,9
11978,9
11979,9
11980,9
11981,9
11982,9
11983,9
11984,9
11985,9
11986,9
11987,9
11988,9
11989,9
11990,9
11991,9
11992,9
11993,9
11994,9
11995,9
11996,9
11997,9
11998,9
11999,9
12000,9
12001,9
12002,9
12003,9
12004,9
12005,9
12006,9
12007,9
12008,9
12009,9
12010,9
12011,9
12012,9
12013,9
12014,9
12015,9
12016,9
12017,9
12018,9
12019,9
12020,9
12021,9
12022,9
12023,9
12024,9
12025,9
12026,9
12027,9
12028,9
12029,9
12030,9
12031,9
12032,9
12033,9
12034,9
12035,9
12036,9
12037,9
12038,9
12039,9
12040,9
12041,9
12042,9
12043,9
12044,9
12045,9
12046,9
12047,9
12048,9
12049,9
12050,9
12051,9
12052,9
12053,9
12054,9
12055,9
12056,9
12057,9
12058,9
12059,9
12060,9
12061,9
12062,9
12063,9
12064,9
12065,9
12066,9
12067,9
12068,9
12069,9
12070,9
12071,9
12072,9
12073,9
12074,9
12075,9
12076,9
12077,9
12078,9
12079,9
12080,9
12081,9
12082,9
12083,9
12084,9
12085,9
12086,9
12087,9
12088,9
12089,9
12090,9
12091,9
12092,9
12093,9
12094,9
12095,9
12096,9
12097,9
12098,9
12099,9
12100,9
12101,9
12102,9
12103,9
12104,9
12105,9
12106,9
12107,9
12108,9
12109,9
12110,9
12111,9
12112,9
12113,9
12114,9
12115,9
12116,9
12117,9
12118,9
12119,9
12120,9
12121,9
12122,9
12123,9
12124,9
12125,9
12126,9
12127,9
12128,9
12129,9
12130,9
12131,9
12132,9
12133,9
12134,9
12135,9
12136,9
12137,9
12138,9
12139,9
12140,9
12141,9
12142,9
12143,9
12144,9
12145,9
12146,9
12147,9
12148,9
12149,9
12150,9
12151,9
12152,9
12153,9
12154,9
12155,9
12156,9
12157,9
12158,9
12159,9
